,idb_path_1,fva_1,func_name_1,idb_path_2,fva_2,func_name_2,db_type,sim
0,IDBs/Dataset-2/mips-32_ImageMagick-7.0.10-27-O3_libMagickCore-7.Q16HDRI.so.7.0.0.i64,0x1e0548,DestroyStringList,IDBs/Dataset-2/mips-32_ImageMagick-7.0.10-27-O1_libMagickCore-7.Q16HDRI.so.7.0.0.i64,0x1d3ac0,DestroyStringList,XO,-0.25375858
1,IDBs/Dataset-2/x86-64_sqlite-3.34.0-O1_libsqlite3.so.0.8.6.i64,0xe27f,sqlite3PCachePercentDirty,IDBs/Dataset-2/x86-64_sqlite-3.34.0-O0_libsqlite3.so.0.8.6.i64,0x200a1,sqlite3PCachePercentDirty,XO,-0.7801311
2,IDBs/Dataset-2/arm-32_coreutils-8.32-O1_nl.i64,0x11550,nl_file,IDBs/Dataset-2/arm-32_coreutils-8.32-O0_nl.i64,0x11ff0,nl_file,XO,-0.5268502
3,IDBs/Dataset-2/arm-32_ImageMagick-7.0.10-27-O2_libMagickCore-7.Q16HDRI.so.7.0.0.i64,0x353c0,IsBlobSeekable,IDBs/Dataset-2/arm-32_ImageMagick-7.0.10-27-O0_libMagickCore-7.Q16HDRI.so.7.0.0.i64,0x3bbf0,IsBlobSeekable,XO,-0.08006567
4,IDBs/Dataset-2/mips-32_sqlite-3.34.0-O2_libsqlite3.so.0.8.6.i64,0x1d988,sqlite3BtreeSetCacheSize,IDBs/Dataset-2/mips-32_sqlite-3.34.0-O3_libsqlite3.so.0.8.6.i64,0x2b544,sqlite3BtreeSetCacheSize,XO,-0.26666236
5,IDBs/Dataset-2/x86-64_sqlite-3.34.0-O1_libsqlite3.so.0.8.6.i64,0x3d9a2,vdbePmaReaderNext,IDBs/Dataset-2/x86-64_sqlite-3.34.0-O3_libsqlite3.so.0.8.6.i64,0x30470,vdbePmaReaderNext,XO,-0.3645896
6,IDBs/Dataset-2/mips-32_binutils-2.34-O3_readelf.i64,0x408608,elf_h8_reloc_type,IDBs/Dataset-2/mips-32_binutils-2.34-O0_readelf.i64,0x4070ac,elf_h8_reloc_type,XO,-0.12317783
7,IDBs/Dataset-2/arm-32_ImageMagick-7.0.10-27-O1_libMagickCore-7.Q16HDRI.so.7.0.0.i64,0x1159ac,MatrixToImage,IDBs/Dataset-2/arm-32_ImageMagick-7.0.10-27-O3_libMagickCore-7.Q16HDRI.so.7.0.0.i64,0x12dd48,MatrixToImage,XO,-0.00089874497
8,IDBs/Dataset-2/x86-64_sqlite-3.34.0-O0_libsqlite3.so.0.8.6.i64,0xb0dbc,exprSelectUsage,IDBs/Dataset-2/x86-64_sqlite-3.34.0-O3_libsqlite3.so.0.8.6.i64,0x2c910,exprSelectUsage,XO,-0.7947589
9,IDBs/Dataset-2/mips-32_sqlite-3.34.0-O3_libsqlite3.so.0.8.6.i64,0x64a00,sqlite3AddDefaultValue,IDBs/Dataset-2/mips-32_sqlite-3.34.0-O1_libsqlite3.so.0.8.6.i64,0x4b96c,sqlite3AddDefaultValue,XO,-0.32036865
10,IDBs/Dataset-2/x86-64_ImageMagick-7.0.10-27-O0_libMagickCore-7.Q16HDRI.so.7.0.0.i64,0x227026,EvaluateImages._omp_fn.1,IDBs/Dataset-2/x86-64_ImageMagick-7.0.10-27-O3_libMagickCore-7.Q16HDRI.so.7.0.0.i64,0x216e60,EvaluateImages._omp_fn.1,XO,-0.042350017
11,IDBs/Dataset-2/mips-32_binutils-2.34-O1_size.i64,0x405900,sysv_internal_printer,IDBs/Dataset-2/mips-32_binutils-2.34-O2_size.i64,0x406f2c,sysv_internal_printer,XO,-0.0054000616
12,IDBs/Dataset-2/x86-32_sqlite-3.34.0-O2_libsqlite3.so.0.8.6.i64,0x1b620,whereLoopClearUnion,IDBs/Dataset-2/x86-32_sqlite-3.34.0-O0_libsqlite3.so.0.8.6.i64,0xa225c,whereLoopClearUnion,XO,-0.059018716
13,IDBs/Dataset-2/mips-32_ImageMagick-7.0.10-27-O1_libMagickCore-7.Q16HDRI.so.7.0.0.i64,0xfa6c4,SetImageMask,IDBs/Dataset-2/mips-32_ImageMagick-7.0.10-27-O0_libMagickCore-7.Q16HDRI.so.7.0.0.i64,0x15c8b8,SetImageMask,XO,-0.03090102
14,IDBs/Dataset-2/x86-32_sqlite-3.34.0-O2_libsqlite3.so.0.8.6.i64,0x257f0,sqlite3_bind_parameter_index,IDBs/Dataset-2/x86-32_sqlite-3.34.0-O3_libsqlite3.so.0.8.6.i64,0x19700,sqlite3_bind_parameter_index,XO,-2.3074305
15,IDBs/Dataset-2/x86-32_coreutils-8.32-O2_ptx.i64,0x3ce0,compare_words,IDBs/Dataset-2/x86-32_coreutils-8.32-O0_ptx.i64,0x2093,compare_words,XO,-0.51917756
16,IDBs/Dataset-2/arm-32_diffutils-3.7-O2_diff.i64,0x1a8c0,c_escape_char,IDBs/Dataset-2/arm-32_diffutils-3.7-O1_diff.i64,0x1aa7c,c_escape_char,XO,-2.4534975e-13
17,IDBs/Dataset-2/mips-32_ImageMagick-7.0.10-27-O3_libMagickCore-7.Q16HDRI.so.7.0.0.i64,0xcc4e0,LevelImage,IDBs/Dataset-2/mips-32_ImageMagick-7.0.10-27-O0_libMagickCore-7.Q16HDRI.so.7.0.0.i64,0x104d5c,LevelImage,XO,-1.1647835
18,IDBs/Dataset-2/x86-64_ImageMagick-7.0.10-27-O1_libMagickCore-7.Q16HDRI.so.7.0.0.i64,0x5e987,BlobToFile,IDBs/Dataset-2/x86-64_ImageMagick-7.0.10-27-O0_libMagickCore-7.Q16HDRI.so.7.0.0.i64,0x63d69,BlobToFile,XO,-0.014919393
19,IDBs/Dataset-2/x86-64_gmp-6.2.0-O3_libgmp.so.10.4.0.i64,0x11960,__gmpf_mul_ui,IDBs/Dataset-2/x86-64_gmp-6.2.0-O0_libgmp.so.10.4.0.i64,0x1378b,__gmpf_mul_ui,XO,-0.06869639
20,IDBs/Dataset-2/arm-32_ImageMagick-7.0.10-27-O0_libMagickCore-7.Q16HDRI.so.7.0.0.i64,0x20b418,ImportCMYKAQuantum,IDBs/Dataset-2/arm-32_ImageMagick-7.0.10-27-O2_libMagickCore-7.Q16HDRI.so.7.0.0.i64,0x17ae6c,ImportCMYKAQuantum,XO,-0.21926896
21,IDBs/Dataset-2/x86-32_ImageMagick-7.0.10-27-O1_libMagickCore-7.Q16HDRI.so.7.0.0.i64,0xc9f4c,NewMagickImage._omp_fn.3,IDBs/Dataset-2/x86-32_ImageMagick-7.0.10-27-O3_libMagickCore-7.Q16HDRI.so.7.0.0.i64,0xe0370,NewMagickImage._omp_fn.3,XO,-0.0042827977
22,IDBs/Dataset-2/x86-64_coreutils-8.32-O1_pr.i64,0x2cf6,print_sep_string,IDBs/Dataset-2/x86-64_coreutils-8.32-O2_pr.i64,0x30e0,print_sep_string,XO,-0.01333244
23,IDBs/Dataset-2/mips-32_binutils-2.34-O1_nm-new.i64,0x4058a0,print_symbol_filename_posix,IDBs/Dataset-2/mips-32_binutils-2.34-O0_nm-new.i64,0x409d40,print_symbol_filename_posix,XO,-1.5694892
24,IDBs/Dataset-2/arm-32_ImageMagick-7.0.10-27-O1_libMagickCore-7.Q16HDRI.so.7.0.0.i64,0x12de2c,EncodePixelGamma,IDBs/Dataset-2/arm-32_ImageMagick-7.0.10-27-O2_libMagickCore-7.Q16HDRI.so.7.0.0.i64,0x27b78,EncodePixelGamma,XO,-0.0008141905
25,IDBs/Dataset-2/x86-32_sqlite-3.34.0-O0_libsqlite3.so.0.8.6.i64,0x385e8,backupUpdate,IDBs/Dataset-2/x86-32_sqlite-3.34.0-O3_libsqlite3.so.0.8.6.i64,0x6c700,backupUpdate,XO,-0.09265812
26,IDBs/Dataset-2/x86-64_binutils-2.34-O2_readelf.i64,0x18700,get_64bit_elf_symbols,IDBs/Dataset-2/x86-64_binutils-2.34-O3_readelf.i64,0x251f0,get_64bit_elf_symbols,XO,-0.0003431575
27,IDBs/Dataset-2/x86-32_coreutils-8.32-O2_basenc.i64,0x1e40,base2msbf_encode,IDBs/Dataset-2/x86-32_coreutils-8.32-O3_basenc.i64,0x1e30,base2msbf_encode,XO,-0.09638473
28,IDBs/Dataset-2/x86-32_ImageMagick-7.0.10-27-O0_libMagickCore-7.Q16HDRI.so.7.0.0.i64,0xdb40f,FxChannelStatistics,IDBs/Dataset-2/x86-32_ImageMagick-7.0.10-27-O3_libMagickCore-7.Q16HDRI.so.7.0.0.i64,0xc7fd0,FxChannelStatistics,XO,-0.17007017
29,IDBs/Dataset-2/arm-32_ImageMagick-7.0.10-27-O1_libMagickCore-7.Q16HDRI.so.7.0.0.i64,0x1fd798,GetXMLTreeTag,IDBs/Dataset-2/arm-32_ImageMagick-7.0.10-27-O3_libMagickCore-7.Q16HDRI.so.7.0.0.i64,0x22e498,GetXMLTreeTag,XO,-0.0034614177
30,IDBs/Dataset-2/arm-32_ImageMagick-7.0.10-27-O2_libMagickCore-7.Q16HDRI.so.7.0.0.i64,0x1b6694,DestroyPixelThreadSet,IDBs/Dataset-2/arm-32_ImageMagick-7.0.10-27-O1_libMagickCore-7.Q16HDRI.so.7.0.0.i64,0x15770c,DestroyPixelThreadSet,XO,-0.3517907
31,IDBs/Dataset-2/arm-32_sqlite-3.34.0-O0_libsqlite3.so.0.8.6.i64,0x236dc,writeJournalHdr,IDBs/Dataset-2/arm-32_sqlite-3.34.0-O1_libsqlite3.so.0.8.6.i64,0x48c1c,writeJournalHdr,XO,-0.14738247
32,IDBs/Dataset-2/arm-32_ImageMagick-7.0.10-27-O1_libMagickCore-7.Q16HDRI.so.7.0.0.i64,0x4d52c,DestroyCoderNode,IDBs/Dataset-2/arm-32_ImageMagick-7.0.10-27-O0_libMagickCore-7.Q16HDRI.so.7.0.0.i64,0x5d7fc,DestroyCoderNode,XO,-0.014654666
33,IDBs/Dataset-2/mips-32_coreutils-8.32-O1_join.i64,0x401d0c,keycmp,IDBs/Dataset-2/mips-32_coreutils-8.32-O0_join.i64,0x40227c,keycmp,XO,-0.57771647
34,IDBs/Dataset-2/x86-64_sqlite-3.34.0-O0_libsqlite3.so.0.8.6.i64,0x35ca9,allocateBtreePage,IDBs/Dataset-2/x86-64_sqlite-3.34.0-O2_libsqlite3.so.0.8.6.i64,0x57370,allocateBtreePage,XO,-0.8597529
35,IDBs/Dataset-2/x86-32_diffutils-3.7-O1_diff.i64,0x6eca,dir_loop,IDBs/Dataset-2/x86-32_diffutils-3.7-O0_diff.i64,0x8a35,dir_loop,XO,-0.0315074
36,IDBs/Dataset-2/mips-32_sqlite-3.34.0-O0_libsqlite3.so.0.8.6.i64,0xfc968,whereClauseInsert,IDBs/Dataset-2/mips-32_sqlite-3.34.0-O2_libsqlite3.so.0.8.6.i64,0x46130,whereClauseInsert,XO,-0.86928165
37,IDBs/Dataset-2/x86-32_gmp-6.2.0-O0_libgmp.so.10.4.0.i64,0x48911,__gmpn_toom43_mul,IDBs/Dataset-2/x86-32_gmp-6.2.0-O2_libgmp.so.10.4.0.i64,0x3d150,__gmpn_toom43_mul,XO,-0.16112456
38,IDBs/Dataset-2/x86-32_coreutils-8.32-O3_od.i64,0x36d0,print_double,IDBs/Dataset-2/x86-32_coreutils-8.32-O0_od.i64,0x23c6,print_double,XO,-0.03459217
39,IDBs/Dataset-2/x86-32_sqlite-3.34.0-O1_libsqlite3.so.0.8.6.i64,0x4111f,pagerWalFrames,IDBs/Dataset-2/x86-32_sqlite-3.34.0-O0_libsqlite3.so.0.8.6.i64,0x1e38d,pagerWalFrames,XO,-0.73806137
40,IDBs/Dataset-2/x86-64_ImageMagick-7.0.10-27-O0_libMagickCore-7.Q16HDRI.so.7.0.0.i64,0x203820,Epbx2X,IDBs/Dataset-2/x86-64_ImageMagick-7.0.10-27-O1_libMagickCore-7.Q16HDRI.so.7.0.0.i64,0x1a7426,Epbx2X,XO,-2.354185
41,IDBs/Dataset-2/x86-32_findutils-4.7.0-O2_find.i64,0xc900,filesystem_type_0,IDBs/Dataset-2/x86-32_findutils-4.7.0-O1_find.i64,0xbe35,filesystem_type_0,XO,-0.37840143
42,IDBs/Dataset-2/x86-64_sqlite-3.34.0-O0_libsqlite3.so.0.8.6.i64,0xd68f,parseHhMmSs,IDBs/Dataset-2/x86-64_sqlite-3.34.0-O1_libsqlite3.so.0.8.6.i64,0x15f82,parseHhMmSs,XO,-0.42568302
43,IDBs/Dataset-2/arm-32_binutils-2.34-O1_readelf.i64,0x187c0,elf_m32c_reloc_type,IDBs/Dataset-2/arm-32_binutils-2.34-O0_readelf.i64,0x18ba8,elf_m32c_reloc_type,XO,-0.14877844
44,IDBs/Dataset-2/x86-32_findutils-4.7.0-O0_find.i64,0x878b,opt_expr,IDBs/Dataset-2/x86-32_findutils-4.7.0-O3_find.i64,0x9820,opt_expr,XO,-0.24930502
45,IDBs/Dataset-2/x86-32_libmicrohttpd-0.9.71-O3_libmicrohttpd.a.i64,0x8002a80,MHD_connection_handle_idle,IDBs/Dataset-2/x86-32_libmicrohttpd-0.9.71-O2_libmicrohttpd.a.i64,0x8002ae0,MHD_connection_handle_idle,XO,-0.14962445
46,IDBs/Dataset-2/x86-32_binutils-2.34-O2_readelf.i64,0x28a10,decode_arm_unwind,IDBs/Dataset-2/x86-32_binutils-2.34-O1_readelf.i64,0x17d15,decode_arm_unwind,XO,-0.3679533
47,IDBs/Dataset-2/x86-64_ImageMagick-7.0.10-27-O0_libMagickCore-7.Q16HDRI.so.7.0.0.i64,0x215fa4,XShearImage,IDBs/Dataset-2/x86-64_ImageMagick-7.0.10-27-O1_libMagickCore-7.Q16HDRI.so.7.0.0.i64,0x1b7a15,XShearImage,XO,-0.012471076
48,IDBs/Dataset-2/x86-64_sqlite-3.34.0-O2_libsqlite3.so.0.8.6.i64,0x414d0,sqlite3_bind_value,IDBs/Dataset-2/x86-64_sqlite-3.34.0-O1_libsqlite3.so.0.8.6.i64,0x32f61,sqlite3_bind_value,XO,-0.03566103
49,IDBs/Dataset-2/x86-32_sqlite-3.34.0-O1_libsqlite3.so.0.8.6.i64,0x560e2,codeAttach,IDBs/Dataset-2/x86-32_sqlite-3.34.0-O3_libsqlite3.so.0.8.6.i64,0x852a0,codeAttach,XO,-1.2045335
50,IDBs/Dataset-2/x86-64_diffutils-3.7-O0_diff.i64,0xbadb,groups_letter_value,IDBs/Dataset-2/x86-64_diffutils-3.7-O1_diff.i64,0x9072,groups_letter_value,XO,-0.06883107
51,IDBs/Dataset-2/x86-32_ImageMagick-7.0.10-27-O3_libMagickCore-7.Q16HDRI.so.7.0.0.i64,0x2c2a00,WritePICONImage,IDBs/Dataset-2/x86-32_ImageMagick-7.0.10-27-O2_libMagickCore-7.Q16HDRI.so.7.0.0.i64,0x2826e0,WritePICONImage,XO,-0.0006316534
52,IDBs/Dataset-2/x86-64_gmp-6.2.0-O1_libgmp.so.10.4.0.i64,0x2c71b,__gmpn_sqr,IDBs/Dataset-2/x86-64_gmp-6.2.0-O0_libgmp.so.10.4.0.i64,0x3e3bd,__gmpn_sqr,XO,-0.021165773
53,IDBs/Dataset-2/x86-64_gmp-6.2.0-O1_libgmp.so.10.4.0.i64,0x217ad,__gmpz_sub_ui,IDBs/Dataset-2/x86-64_gmp-6.2.0-O2_libgmp.so.10.4.0.i64,0x23850,__gmpz_sub_ui,XO,-0.059435315
54,IDBs/Dataset-2/x86-32_sqlite-3.34.0-O0_libsqlite3.so.0.8.6.i64,0x3f9ad,sqlite3MemCompare,IDBs/Dataset-2/x86-32_sqlite-3.34.0-O1_libsqlite3.so.0.8.6.i64,0x2c84f,sqlite3MemCompare,XO,-0.058235597
55,IDBs/Dataset-2/x86-32_ImageMagick-7.0.10-27-O0_libMagickCore-7.Q16HDRI.so.7.0.0.i64,0x14e10b,DestroyCubeInfo_0,IDBs/Dataset-2/x86-32_ImageMagick-7.0.10-27-O2_libMagickCore-7.Q16HDRI.so.7.0.0.i64,0x120940,DestroyCubeInfo_0,XO,-0.009063564
56,IDBs/Dataset-2/mips-32_ImageMagick-7.0.10-27-O3_libMagickCore-7.Q16HDRI.so.7.0.0.i64,0x12aad4,MorphologyImage,IDBs/Dataset-2/mips-32_ImageMagick-7.0.10-27-O1_libMagickCore-7.Q16HDRI.so.7.0.0.i64,0x1253c8,MorphologyImage,XO,-0.006426997
57,IDBs/Dataset-2/arm-32_binutils-2.34-O0_readelf.i64,0x14bd8,elf_cr16_reloc_type,IDBs/Dataset-2/arm-32_binutils-2.34-O1_readelf.i64,0x14be8,elf_cr16_reloc_type,XO,-0.14165466
58,IDBs/Dataset-2/mips-32_ImageMagick-7.0.10-27-O1_libMagickCore-7.Q16HDRI.so.7.0.0.i64,0x23fec4,StringToTimeCode,IDBs/Dataset-2/mips-32_ImageMagick-7.0.10-27-O2_libMagickCore-7.Q16HDRI.so.7.0.0.i64,0x20ba58,StringToTimeCode,XO,-0.047457874
59,IDBs/Dataset-2/x86-64_ImageMagick-7.0.10-27-O1_libMagickCore-7.Q16HDRI.so.7.0.0.i64,0x1a024d,ReadRandom,IDBs/Dataset-2/x86-64_ImageMagick-7.0.10-27-O0_libMagickCore-7.Q16HDRI.so.7.0.0.i64,0x1f9e97,ReadRandom,XO,-0.020018578
60,IDBs/Dataset-2/mips-32_findutils-4.7.0-O0_find.i64,0x405d38,compare_ts,IDBs/Dataset-2/mips-32_findutils-4.7.0-O2_find.i64,0x4053fc,compare_ts,XO,-0.20557502
61,IDBs/Dataset-2/mips-32_ImageMagick-7.0.10-27-O1_libMagickCore-7.Q16HDRI.so.7.0.0.i64,0x36e2c,DuplicateBlob,IDBs/Dataset-2/mips-32_ImageMagick-7.0.10-27-O0_libMagickCore-7.Q16HDRI.so.7.0.0.i64,0x399f8,DuplicateBlob,XO,-0.46342885
62,IDBs/Dataset-2/mips-32_sqlite-3.34.0-O3_libsqlite3.so.0.8.6.i64,0xeab1c,execSql,IDBs/Dataset-2/mips-32_sqlite-3.34.0-O0_libsqlite3.so.0.8.6.i64,0xf1c14,execSql,XO,-0.11881582
63,IDBs/Dataset-2/x86-32_ImageMagick-7.0.10-27-O1_libMagickCore-7.Q16HDRI.so.7.0.0.i64,0x1f7b8d,WriteMASKImage,IDBs/Dataset-2/x86-32_ImageMagick-7.0.10-27-O0_libMagickCore-7.Q16HDRI.so.7.0.0.i64,0x236434,WriteMASKImage,XO,-1.2538021
64,IDBs/Dataset-2/x86-64_sqlite-3.34.0-O1_libsqlite3.so.0.8.6.i64,0x3def6,vdbePmaReaderIncrInit,IDBs/Dataset-2/x86-64_sqlite-3.34.0-O0_libsqlite3.so.0.8.6.i64,0x5bb50,vdbePmaReaderIncrInit,XO,-0.014449011
65,IDBs/Dataset-2/x86-64_sqlite-3.34.0-O2_libsqlite3.so.0.8.6.i64,0x180d0,sqlite3_filename_journal,IDBs/Dataset-2/x86-64_sqlite-3.34.0-O3_libsqlite3.so.0.8.6.i64,0x17200,sqlite3_filename_journal,XO,-0.008267539
66,IDBs/Dataset-2/arm-32_ImageMagick-7.0.10-27-O3_libMagickCore-7.Q16HDRI.so.7.0.0.i64,0x280264,PrintChannelStatistics_0,IDBs/Dataset-2/arm-32_ImageMagick-7.0.10-27-O0_libMagickCore-7.Q16HDRI.so.7.0.0.i64,0x31f12c,PrintChannelStatistics_0,XO,-1.3220727
67,IDBs/Dataset-2/x86-32_gmp-6.2.0-O1_libgmp.so.10.4.0.i64,0x118ea,__gmpz_cfdiv_q_2exp,IDBs/Dataset-2/x86-32_gmp-6.2.0-O0_libgmp.so.10.4.0.i64,0x14683,__gmpz_cfdiv_q_2exp,XO,-0.1779795
68,IDBs/Dataset-2/mips-32_coreutils-8.32-O0_cat.i64,0x401c54,next_line_num,IDBs/Dataset-2/mips-32_coreutils-8.32-O2_cat.i64,0x4023f0,next_line_num,XO,-0.11615212
69,IDBs/Dataset-2/mips-32_ImageMagick-7.0.10-27-O3_libMagickCore-7.Q16HDRI.so.7.0.0.i64,0xeaf24,ParseGeometry.part.1,IDBs/Dataset-2/mips-32_ImageMagick-7.0.10-27-O2_libMagickCore-7.Q16HDRI.so.7.0.0.i64,0xd8cb4,ParseGeometry.part.1,XO,-0.00012534698
70,IDBs/Dataset-2/x86-32_sqlite-3.34.0-O0_libsqlite3.so.0.8.6.i64,0x56880,resolveAsName,IDBs/Dataset-2/x86-32_sqlite-3.34.0-O1_libsqlite3.so.0.8.6.i64,0xa8f3,resolveAsName,XO,-0.03414713
71,IDBs/Dataset-2/x86-64_sqlite-3.34.0-O2_libsqlite3.so.0.8.6.i64,0x3ef40,sqlite3_result_blob64,IDBs/Dataset-2/x86-64_sqlite-3.34.0-O3_libsqlite3.so.0.8.6.i64,0x26e80,sqlite3_result_blob64,XO,-0.9127568
72,IDBs/Dataset-2/x86-64_coreutils-8.32-O2_factor.i64,0x2500,factor_insert_large,IDBs/Dataset-2/x86-64_coreutils-8.32-O0_factor.i64,0x222a,factor_insert_large,XO,-0.013461862
73,IDBs/Dataset-2/x86-64_binutils-2.34-O0_objdump.i64,0x67688,disassemble_data,IDBs/Dataset-2/x86-64_binutils-2.34-O1_objdump.i64,0x630c4,disassemble_data,XO,-0.07077022
74,IDBs/Dataset-2/x86-64_ImageMagick-7.0.10-27-O2_libMagickCore-7.Q16HDRI.so.7.0.0.i64,0x125300,GetImageViewException,IDBs/Dataset-2/x86-64_ImageMagick-7.0.10-27-O1_libMagickCore-7.Q16HDRI.so.7.0.0.i64,0x122014,GetImageViewException,XO,-0.00044856346
75,IDBs/Dataset-2/arm-32_gmp-6.2.0-O1_libgmp.so.10.4.0.i64,0x12ab0,__gmpz_cmpabs,IDBs/Dataset-2/arm-32_gmp-6.2.0-O0_libgmp.so.10.4.0.i64,0x19538,__gmpz_cmpabs,XO,-0.024365123
76,IDBs/Dataset-2/arm-32_ImageMagick-7.0.10-27-O3_libMagickCore-7.Q16HDRI.so.7.0.0.i64,0x6c61c,SimilarityImage._omp_fn.8,IDBs/Dataset-2/arm-32_ImageMagick-7.0.10-27-O1_libMagickCore-7.Q16HDRI.so.7.0.0.i64,0x65424,SimilarityImage._omp_fn.8,XO,-0.22462054
77,IDBs/Dataset-2/arm-32_ImageMagick-7.0.10-27-O3_libMagickCore-7.Q16HDRI.so.7.0.0.i64,0x207068,ExcerptImage._omp_fn.3,IDBs/Dataset-2/arm-32_ImageMagick-7.0.10-27-O2_libMagickCore-7.Q16HDRI.so.7.0.0.i64,0x1ccbdc,ExcerptImage._omp_fn.3,XO,-2.684807e-05
78,IDBs/Dataset-2/x86-32_findutils-4.7.0-O0_find.i64,0x1085b,parse_iname,IDBs/Dataset-2/x86-32_findutils-4.7.0-O2_find.i64,0xfe40,parse_iname,XO,-0.7993873
79,IDBs/Dataset-2/mips-32_sqlite-3.34.0-O2_libsqlite3.so.0.8.6.i64,0x7e620,sqlite3Select,IDBs/Dataset-2/mips-32_sqlite-3.34.0-O0_libsqlite3.so.0.8.6.i64,0xe6454,sqlite3Select,XO,-3.3682706
80,IDBs/Dataset-2/arm-32_sqlite-3.34.0-O2_libsqlite3.so.0.8.6.i64,0x621ac,sqlite3BtreeClose,IDBs/Dataset-2/arm-32_sqlite-3.34.0-O3_libsqlite3.so.0.8.6.i64,0x7cf44,sqlite3BtreeClose,XO,-0.05977619
81,IDBs/Dataset-2/x86-32_ImageMagick-7.0.10-27-O0_libMagickCore-7.Q16HDRI.so.7.0.0.i64,0x38f2a,WriteBlobShort,IDBs/Dataset-2/x86-32_ImageMagick-7.0.10-27-O2_libMagickCore-7.Q16HDRI.so.7.0.0.i64,0x3b000,WriteBlobShort,XO,-0.67630076
82,IDBs/Dataset-2/mips-32_ImageMagick-7.0.10-27-O2_libMagickCore-7.Q16HDRI.so.7.0.0.i64,0xbf084,DestroyExceptionInfo,IDBs/Dataset-2/mips-32_ImageMagick-7.0.10-27-O1_libMagickCore-7.Q16HDRI.so.7.0.0.i64,0xcce58,DestroyExceptionInfo,XO,-1.8578475
83,IDBs/Dataset-2/mips-32_ImageMagick-7.0.10-27-O1_libMagickCore-7.Q16HDRI.so.7.0.0.i64,0x29e054,IsGhostscriptRendered,IDBs/Dataset-2/mips-32_ImageMagick-7.0.10-27-O0_libMagickCore-7.Q16HDRI.so.7.0.0.i64,0x37fa1c,IsGhostscriptRendered,XO,-0.039248448
84,IDBs/Dataset-2/mips-32_coreutils-8.32-O0_tr.i64,0x405434,squeeze_filter,IDBs/Dataset-2/mips-32_coreutils-8.32-O1_tr.i64,0x401600,squeeze_filter,XO,-0.0056010783
85,IDBs/Dataset-2/mips-32_ImageMagick-7.0.10-27-O1_libMagickCore-7.Q16HDRI.so.7.0.0.i64,0xbacd8,ContrastImage._omp_fn.2,IDBs/Dataset-2/mips-32_ImageMagick-7.0.10-27-O2_libMagickCore-7.Q16HDRI.so.7.0.0.i64,0xae368,ContrastImage._omp_fn.2,XO,-0.021034684
86,IDBs/Dataset-2/x86-32_ImageMagick-7.0.10-27-O0_libMagickCore-7.Q16HDRI.so.7.0.0.i64,0xfd19c,SetImageColor._omp_fn.6,IDBs/Dataset-2/x86-32_ImageMagick-7.0.10-27-O1_libMagickCore-7.Q16HDRI.so.7.0.0.i64,0xca110,SetImageColor._omp_fn.6,XO,-0.04170541
87,IDBs/Dataset-2/arm-32_ImageMagick-7.0.10-27-O0_libMagickCore-7.Q16HDRI.so.7.0.0.i64,0xc04a4,RelinquishDistributePixelCache,IDBs/Dataset-2/arm-32_ImageMagick-7.0.10-27-O3_libMagickCore-7.Q16HDRI.so.7.0.0.i64,0xa1664,RelinquishDistributePixelCache,XO,-0.9523929
88,IDBs/Dataset-2/x86-64_sqlite-3.34.0-O0_libsqlite3.so.0.8.6.i64,0x14a94,sqlite3_str_appendchar,IDBs/Dataset-2/x86-64_sqlite-3.34.0-O1_libsqlite3.so.0.8.6.i64,0x2012d,sqlite3_str_appendchar,XO,-0.047952764
89,IDBs/Dataset-2/x86-64_coreutils-8.32-O1_ptx.i64,0x28be,print_spaces,IDBs/Dataset-2/x86-64_coreutils-8.32-O2_ptx.i64,0x4fc0,print_spaces,XO,-0.010018138
90,IDBs/Dataset-2/mips-32_ImageMagick-7.0.10-27-O0_libMagickCore-7.Q16HDRI.so.7.0.0.i64,0x17af54,GetMagickEncoderThreadSupport,IDBs/Dataset-2/mips-32_ImageMagick-7.0.10-27-O2_libMagickCore-7.Q16HDRI.so.7.0.0.i64,0xfe748,GetMagickEncoderThreadSupport,XO,-1.5136759
91,IDBs/Dataset-2/mips-32_ImageMagick-7.0.10-27-O2_libMagickCore-7.Q16HDRI.so.7.0.0.i64,0x24ca8,SetPixelCacheNexusPixels,IDBs/Dataset-2/mips-32_ImageMagick-7.0.10-27-O0_libMagickCore-7.Q16HDRI.so.7.0.0.i64,0x5690c,SetPixelCacheNexusPixels,XO,-3.1515965
92,IDBs/Dataset-2/mips-32_ImageMagick-7.0.10-27-O0_libMagickCore-7.Q16HDRI.so.7.0.0.i64,0x2002d4,HalfToSinglePrecision,IDBs/Dataset-2/mips-32_ImageMagick-7.0.10-27-O3_libMagickCore-7.Q16HDRI.so.7.0.0.i64,0x18a4f8,HalfToSinglePrecision,XO,-0.016071523
93,IDBs/Dataset-2/x86-64_ImageMagick-7.0.10-27-O0_libMagickCore-7.Q16HDRI.so.7.0.0.i64,0x7554c,GetVirtualPixels,IDBs/Dataset-2/x86-64_ImageMagick-7.0.10-27-O1_libMagickCore-7.Q16HDRI.so.7.0.0.i64,0x6f1ff,GetVirtualPixels,XO,-0.0011923172
94,IDBs/Dataset-2/mips-32_binutils-2.34-O2_readelf.i64,0x427ab8,get_unwind_section_word.isra.57.part.58,IDBs/Dataset-2/mips-32_binutils-2.34-O3_readelf.i64,0x428430,get_unwind_section_word.isra.57.part.58,XO,-0.22681442
95,IDBs/Dataset-2/arm-32_sqlite-3.34.0-O1_libsqlite3.so.0.8.6.i64,0x1991c,pager_unlock,IDBs/Dataset-2/arm-32_sqlite-3.34.0-O3_libsqlite3.so.0.8.6.i64,0x1daec,pager_unlock,XO,-0.5134281
96,IDBs/Dataset-2/x86-64_sqlite-3.34.0-O3_libsqlite3.so.0.8.6.i64,0x40660,trimFunc,IDBs/Dataset-2/x86-64_sqlite-3.34.0-O2_libsqlite3.so.0.8.6.i64,0x3ebd0,trimFunc,XO,-0.06436315
97,IDBs/Dataset-2/arm-32_gmp-6.2.0-O1_libgmp.so.10.4.0.i64,0x11a3c,__gmpz_cdiv_q,IDBs/Dataset-2/arm-32_gmp-6.2.0-O2_libgmp.so.10.4.0.i64,0x11780,__gmpz_cdiv_q,XO,-0.019221257
98,IDBs/Dataset-2/mips-32_coreutils-8.32-O1_tr.i64,0x40190c,read_and_delete,IDBs/Dataset-2/mips-32_coreutils-8.32-O3_tr.i64,0x403de8,read_and_delete,XO,-1.3086625
99,IDBs/Dataset-2/arm-32_sqlite-3.34.0-O2_libsqlite3.so.0.8.6.i64,0x1908c,sqlite3BtreeSetSpillSize,IDBs/Dataset-2/arm-32_sqlite-3.34.0-O1_libsqlite3.so.0.8.6.i64,0x15ba8,sqlite3BtreeSetSpillSize,XO,-1.3308218
100,IDBs/Dataset-2/mips-32_ImageMagick-7.0.10-27-O0_libMagickCore-7.Q16HDRI.so.7.0.0.i64,0x161b0c,SetImageRegionMask._omp_fn.8,IDBs/Dataset-2/mips-32_ImageMagick-7.0.10-27-O1_libMagickCore-7.Q16HDRI.so.7.0.0.i64,0xf5540,SetImageRegionMask._omp_fn.8,XO,-0.01762762
101,IDBs/Dataset-2/mips-32_ImageMagick-7.0.10-27-O1_libMagickCore-7.Q16HDRI.so.7.0.0.i64,0x90254,DistributePixelCacheServer,IDBs/Dataset-2/mips-32_ImageMagick-7.0.10-27-O3_libMagickCore-7.Q16HDRI.so.7.0.0.i64,0x96760,DistributePixelCacheServer,XO,-0.18013723
102,IDBs/Dataset-2/x86-32_findutils-4.7.0-O1_find.i64,0xa36d,format_date,IDBs/Dataset-2/x86-32_findutils-4.7.0-O0_find.i64,0xd4c5,format_date,XO,-0.24448112
103,IDBs/Dataset-2/x86-64_sqlite-3.34.0-O0_libsqlite3.so.0.8.6.i64,0x3be45,btreeCreateTable,IDBs/Dataset-2/x86-64_sqlite-3.34.0-O1_libsqlite3.so.0.8.6.i64,0x4e107,btreeCreateTable,XO,-0.032469302
104,IDBs/Dataset-2/x86-32_ImageMagick-7.0.10-27-O1_libMagickCore-7.Q16HDRI.so.7.0.0.i64,0x3c7bf,GetImagePixelCache,IDBs/Dataset-2/x86-32_ImageMagick-7.0.10-27-O0_libMagickCore-7.Q16HDRI.so.7.0.0.i64,0x3cc3c,GetImagePixelCache,XO,-0.22991365
105,IDBs/Dataset-2/mips-32_gmp-6.2.0-O3_libgmp.so.10.4.0.i64,0x1133c,rek_raising_fac4,IDBs/Dataset-2/mips-32_gmp-6.2.0-O2_libgmp.so.10.4.0.i64,0x10ff0,rek_raising_fac4,XO,-0.94344246
106,IDBs/Dataset-2/x86-64_ImageMagick-7.0.10-27-O2_libMagickCore-7.Q16HDRI.so.7.0.0.i64,0x168cf0,DestroyPixelThreadSet_0,IDBs/Dataset-2/x86-64_ImageMagick-7.0.10-27-O0_libMagickCore-7.Q16HDRI.so.7.0.0.i64,0x21ebe1,DestroyPixelThreadSet_0,XO,-0.16520965
107,IDBs/Dataset-2/x86-64_findutils-4.7.0-O3_locate.i64,0x3c60,process_and,IDBs/Dataset-2/x86-64_findutils-4.7.0-O1_locate.i64,0x2b93,process_and,XO,-0.0067223534
108,IDBs/Dataset-2/x86-64_findutils-4.7.0-O2_find.i64,0x107b0,get_num,IDBs/Dataset-2/x86-64_findutils-4.7.0-O0_find.i64,0x18265,get_num,XO,-0.30654973
109,IDBs/Dataset-2/x86-64_ImageMagick-7.0.10-27-O0_libMagickCore-7.Q16HDRI.so.7.0.0.i64,0x61c75,IsImageGray,IDBs/Dataset-2/x86-64_ImageMagick-7.0.10-27-O1_libMagickCore-7.Q16HDRI.so.7.0.0.i64,0x5dbb3,IsImageGray,XO,-0.14275292
110,IDBs/Dataset-2/arm-32_putty-0.74-O1_puttygen.i64,0x118a4,move,IDBs/Dataset-2/arm-32_putty-0.74-O0_puttygen.i64,0x11ad0,move,XO,-2.0519323
111,IDBs/Dataset-2/x86-64_binutils-2.34-O2_objdump.i64,0x9f320,OP_DSreg,IDBs/Dataset-2/x86-64_binutils-2.34-O0_objdump.i64,0xb845d,OP_DSreg,XO,-0.09421458
112,IDBs/Dataset-2/arm-32_putty-0.74-O3_plink.i64,0x1b618,ldisc_send,IDBs/Dataset-2/arm-32_putty-0.74-O0_plink.i64,0x1d364,ldisc_send,XO,-0.6227859
113,IDBs/Dataset-2/arm-32_findutils-4.7.0-O3_find.i64,0x1390c,pred_uid,IDBs/Dataset-2/arm-32_findutils-4.7.0-O1_find.i64,0x136fc,pred_uid,XO,-0.00075745606
114,IDBs/Dataset-2/arm-32_ImageMagick-7.0.10-27-O0_libMagickCore-7.Q16HDRI.so.7.0.0.i64,0x17ab4c,CloneImageList,IDBs/Dataset-2/arm-32_ImageMagick-7.0.10-27-O1_libMagickCore-7.Q16HDRI.so.7.0.0.i64,0x10bfa8,CloneImageList,XO,-0.024247637
115,IDBs/Dataset-2/x86-64_ImageMagick-7.0.10-27-O1_libMagickCore-7.Q16HDRI.so.7.0.0.i64,0x1a5389,MagnifyImage._omp_fn.1,IDBs/Dataset-2/x86-64_ImageMagick-7.0.10-27-O3_libMagickCore-7.Q16HDRI.so.7.0.0.i64,0x1ee620,MagnifyImage._omp_fn.1,XO,-0.0010932235
116,IDBs/Dataset-2/x86-32_libtomcrypt-1.18.2-O2_libtomcrypt.a.i64,0x8000010,rijndael_ecb_encrypt,IDBs/Dataset-2/x86-32_libtomcrypt-1.18.2-O1_libtomcrypt.a.i64,0x800092e,rijndael_ecb_encrypt,XO,-1.3688861
117,IDBs/Dataset-2/x86-64_ImageMagick-7.0.10-27-O3_libMagickCore-7.Q16HDRI.so.7.0.0.i64,0x18e420,GetMagickProperty,IDBs/Dataset-2/x86-64_ImageMagick-7.0.10-27-O1_libMagickCore-7.Q16HDRI.so.7.0.0.i64,0x1609a7,GetMagickProperty,XO,-0.065613605
118,IDBs/Dataset-2/x86-64_sqlite-3.34.0-O0_libsqlite3.so.0.8.6.i64,0xbf9ec,windowAggFinal,IDBs/Dataset-2/x86-64_sqlite-3.34.0-O1_libsqlite3.so.0.8.6.i64,0x3e17f,windowAggFinal,XO,-0.055272926
119,IDBs/Dataset-2/x86-64_sqlite-3.34.0-O0_libsqlite3.so.0.8.6.i64,0xbf9ec,windowAggFinal,IDBs/Dataset-2/arm-32_sqlite-3.34.0-O0_libsqlite3.so.0.8.6.i64,0xd0e2c,windowAggFinal,XA,-0.05711507
120,IDBs/Dataset-2/mips-32_gmp-6.2.0-O2_libgmp.so.10.4.0.i64,0x420ec,__gmpn_jacobi_n,IDBs/Dataset-2/mips-32_gmp-6.2.0-O0_libgmp.so.10.4.0.i64,0x6def8,__gmpn_jacobi_n,XO,-0.0714398
121,IDBs/Dataset-2/mips-32_ImageMagick-7.0.10-27-O2_libMagickCore-7.Q16HDRI.so.7.0.0.i64,0x196d8c,FinalizeSignature,IDBs/Dataset-2/mips-32_ImageMagick-7.0.10-27-O0_libMagickCore-7.Q16HDRI.so.7.0.0.i64,0x248360,FinalizeSignature,XO,-1.0233302
122,IDBs/Dataset-2/x86-32_gmp-6.2.0-O2_libgmp.so.10.4.0.i64,0x1fd40,__gmpz_tdiv_q_ui,IDBs/Dataset-2/x86-32_gmp-6.2.0-O0_libgmp.so.10.4.0.i64,0x24a84,__gmpz_tdiv_q_ui,XO,-0.018501692
123,IDBs/Dataset-2/x86-32_sqlite-3.34.0-O1_libsqlite3.so.0.8.6.i64,0x43184,sqlite3BtreeCloseCursor,IDBs/Dataset-2/x86-32_sqlite-3.34.0-O3_libsqlite3.so.0.8.6.i64,0x70820,sqlite3BtreeCloseCursor,XO,-2.1174319
124,IDBs/Dataset-2/arm-32_ImageMagick-7.0.10-27-O2_libMagickCore-7.Q16HDRI.so.7.0.0.i64,0x150570,GetNodeInfo_0,IDBs/Dataset-2/arm-32_ImageMagick-7.0.10-27-O1_libMagickCore-7.Q16HDRI.so.7.0.0.i64,0x157790,GetNodeInfo_0,XO,-0.051900014
125,IDBs/Dataset-2/mips-32_gmp-6.2.0-O3_libgmp.so.10.4.0.i64,0x2a590,__gmpq_inits,IDBs/Dataset-2/mips-32_gmp-6.2.0-O1_libgmp.so.10.4.0.i64,0x2a7d0,__gmpq_inits,XO,-0.0038626392
126,IDBs/Dataset-2/x86-64_ImageMagick-7.0.10-27-O0_libMagickCore-7.Q16HDRI.so.7.0.0.i64,0x7c876,GetCacheViewExtent,IDBs/Dataset-2/x86-64_ImageMagick-7.0.10-27-O2_libMagickCore-7.Q16HDRI.so.7.0.0.i64,0x731f0,GetCacheViewExtent,XO,-0.0045099626
127,IDBs/Dataset-2/x86-64_ImageMagick-7.0.10-27-O0_libMagickCore-7.Q16HDRI.so.7.0.0.i64,0x7c876,GetCacheViewExtent,IDBs/Dataset-2/mips-32_ImageMagick-7.0.10-27-O3_libMagickCore-7.Q16HDRI.so.7.0.0.i64,0x4e210,GetCacheViewExtent,XA+XO,-0.9220217
128,IDBs/Dataset-2/arm-32_ImageMagick-7.0.10-27-O1_libMagickCore-7.Q16HDRI.so.7.0.0.i64,0x20f780,WriteBRAILLEImage,IDBs/Dataset-2/arm-32_ImageMagick-7.0.10-27-O2_libMagickCore-7.Q16HDRI.so.7.0.0.i64,0x204144,WriteBRAILLEImage,XO,-0.012143718
129,IDBs/Dataset-2/x86-32_libtomcrypt-1.18.2-O1_libtomcrypt.a.i64,0x8000041,rijndael_keysize,IDBs/Dataset-2/x86-32_libtomcrypt-1.18.2-O0_libtomcrypt.a.i64,0x800165c,rijndael_keysize,XO,-0.26170617
130,IDBs/Dataset-2/x86-64_coreutils-8.32-O1_join.i64,0x1fda,prfields,IDBs/Dataset-2/x86-64_coreutils-8.32-O2_join.i64,0x2f50,prfields,XO,-0.0033746166
131,IDBs/Dataset-2/x86-64_ImageMagick-7.0.10-27-O1_libMagickCore-7.Q16HDRI.so.7.0.0.i64,0x164c87,DeleteImageProfile,IDBs/Dataset-2/x86-64_ImageMagick-7.0.10-27-O2_libMagickCore-7.Q16HDRI.so.7.0.0.i64,0x166b90,DeleteImageProfile,XO,-0.018100522
132,IDBs/Dataset-2/mips-32_findutils-4.7.0-O0_find.i64,0x407230,pred_inum,IDBs/Dataset-2/mips-32_findutils-4.7.0-O1_find.i64,0x405470,pred_inum,XO,-0.110549316
133,IDBs/Dataset-2/x86-32_sqlite-3.34.0-O1_libsqlite3.so.0.8.6.i64,0x4d56b,sqlite3CodeVerifyNamedSchema,IDBs/Dataset-2/x86-32_sqlite-3.34.0-O2_libsqlite3.so.0.8.6.i64,0x5ddc0,sqlite3CodeVerifyNamedSchema,XO,-0.058604293
134,IDBs/Dataset-2/mips-32_sqlite-3.34.0-O1_libsqlite3.so.0.8.6.i64,0x2eed4,subjournalPageIfRequired,IDBs/Dataset-2/mips-32_sqlite-3.34.0-O3_libsqlite3.so.0.8.6.i64,0x43ea8,subjournalPageIfRequired,XO,-0.4047821
135,IDBs/Dataset-2/arm-32_ImageMagick-7.0.10-27-O0_libMagickCore-7.Q16HDRI.so.7.0.0.i64,0x222e60,Fish2X,IDBs/Dataset-2/arm-32_ImageMagick-7.0.10-27-O3_libMagickCore-7.Q16HDRI.so.7.0.0.i64,0x1ca8d0,Fish2X,XO,-4.9472146
136,IDBs/Dataset-2/x86-64_ImageMagick-7.0.10-27-O0_libMagickCore-7.Q16HDRI.so.7.0.0.i64,0x300634,PrintChannelStatistics_0,IDBs/Dataset-2/x86-64_ImageMagick-7.0.10-27-O1_libMagickCore-7.Q16HDRI.so.7.0.0.i64,0x261bc0,PrintChannelStatistics_0,XO,-0.08713397
137,IDBs/Dataset-2/arm-32_sqlite-3.34.0-O3_libsqlite3.so.0.8.6.i64,0x3e740,sqlite3ExprAnalyzeAggList,IDBs/Dataset-2/arm-32_sqlite-3.34.0-O0_libsqlite3.so.0.8.6.i64,0x78c00,sqlite3ExprAnalyzeAggList,XO,-0.16295403
138,IDBs/Dataset-2/x86-32_binutils-2.34-O3_nm-new.i64,0x14760,print_symbol_info_sysv,IDBs/Dataset-2/x86-32_binutils-2.34-O2_nm-new.i64,0x141a0,print_symbol_info_sysv,XO,-0.17895646
139,IDBs/Dataset-2/arm-32_binutils-2.34-O2_readelf.i64,0x19508,get_64bit_elf_symbols,IDBs/Dataset-2/arm-32_binutils-2.34-O0_readelf.i64,0x361dc,get_64bit_elf_symbols,XO,-1.6455474
140,IDBs/Dataset-2/x86-32_binutils-2.34-O0_readelf.i64,0x47a5,elf_arm_reloc_type,IDBs/Dataset-2/x86-32_binutils-2.34-O3_readelf.i64,0x6700,elf_arm_reloc_type,XO,-0.35672346
141,IDBs/Dataset-2/arm-32_sqlite-3.34.0-O1_libsqlite3.so.0.8.6.i64,0x33fac,valueFromExpr,IDBs/Dataset-2/arm-32_sqlite-3.34.0-O0_libsqlite3.so.0.8.6.i64,0x49844,valueFromExpr,XO,-0.735517
142,IDBs/Dataset-2/x86-64_ImageMagick-7.0.10-27-O2_libMagickCore-7.Q16HDRI.so.7.0.0.i64,0x2ab510,CorrectPSDAlphaBlend._omp_fn.2,IDBs/Dataset-2/x86-64_ImageMagick-7.0.10-27-O3_libMagickCore-7.Q16HDRI.so.7.0.0.i64,0x327180,CorrectPSDAlphaBlend._omp_fn.2,XO,-0.00013998627
143,IDBs/Dataset-2/arm-32_diffutils-3.7-O0_diff.i64,0x1d4a4,read_files,IDBs/Dataset-2/arm-32_diffutils-3.7-O2_diff.i64,0x18b18,read_files,XO,-0.4658422
144,IDBs/Dataset-2/x86-32_gmp-6.2.0-O0_libgmp.so.10.4.0.i64,0x5cf49,__gmpn_mu_div_q,IDBs/Dataset-2/x86-32_gmp-6.2.0-O1_libgmp.so.10.4.0.i64,0x49273,__gmpn_mu_div_q,XO,-0.12278876
145,IDBs/Dataset-2/x86-32_ImageMagick-7.0.10-27-O3_libMagickCore-7.Q16HDRI.so.7.0.0.i64,0x1be460,FlipImage._omp_fn.4,IDBs/Dataset-2/x86-32_ImageMagick-7.0.10-27-O2_libMagickCore-7.Q16HDRI.so.7.0.0.i64,0x1927d0,FlipImage._omp_fn.4,XO,-2.3556631e-06
146,IDBs/Dataset-2/x86-64_ImageMagick-7.0.10-27-O0_libMagickCore-7.Q16HDRI.so.7.0.0.i64,0x77feb,QueueAuthenticPixelsCache,IDBs/Dataset-2/x86-64_ImageMagick-7.0.10-27-O3_libMagickCore-7.Q16HDRI.so.7.0.0.i64,0x74c20,QueueAuthenticPixelsCache,XO,-1.1032323
147,IDBs/Dataset-2/x86-64_binutils-2.34-O2_objdump.i64,0x8acb0,pr_class_static_method_variant,IDBs/Dataset-2/x86-64_binutils-2.34-O1_objdump.i64,0x8a673,pr_class_static_method_variant,XO,-0.09097296
148,IDBs/Dataset-2/x86-64_putty-0.74-O0_plink.i64,0x9c77d,try_output,IDBs/Dataset-2/x86-64_putty-0.74-O1_plink.i64,0x6bff9,try_output,XO,-0.17901224
149,IDBs/Dataset-2/x86-64_sqlite-3.34.0-O1_libsqlite3.so.0.8.6.i64,0x1feff,sqlite3RowSetInsert,IDBs/Dataset-2/x86-64_sqlite-3.34.0-O0_libsqlite3.so.0.8.6.i64,0x21739,sqlite3RowSetInsert,XO,-0.0117174685
150,IDBs/Dataset-2/mips-32_ImageMagick-7.0.10-27-O2_libMagickCore-7.Q16HDRI.so.7.0.0.i64,0x112aa8,OpaquePaintImage._omp_fn.1,IDBs/Dataset-2/mips-32_ImageMagick-7.0.10-27-O0_libMagickCore-7.Q16HDRI.so.7.0.0.i64,0x1a0390,OpaquePaintImage._omp_fn.1,XO,-0.05047517
151,IDBs/Dataset-2/arm-32_sqlite-3.34.0-O2_libsqlite3.so.0.8.6.i64,0x258cc,unixFileSize,IDBs/Dataset-2/arm-32_sqlite-3.34.0-O1_libsqlite3.so.0.8.6.i64,0x16828,unixFileSize,XO,-0.051646754
152,IDBs/Dataset-2/arm-32_ImageMagick-7.0.10-27-O1_libMagickCore-7.Q16HDRI.so.7.0.0.i64,0x1b9234,GetSignatureDigestsize,IDBs/Dataset-2/arm-32_ImageMagick-7.0.10-27-O0_libMagickCore-7.Q16HDRI.so.7.0.0.i64,0x23fba4,GetSignatureDigestsize,XO,-0.00071688177
153,IDBs/Dataset-2/arm-32_ImageMagick-7.0.10-27-O3_libMagickCore-7.Q16HDRI.so.7.0.0.i64,0xcfd0c,WhiteBalanceImage._omp_fn.14,IDBs/Dataset-2/arm-32_ImageMagick-7.0.10-27-O1_libMagickCore-7.Q16HDRI.so.7.0.0.i64,0xc5ab0,WhiteBalanceImage._omp_fn.14,XO,-0.1490094
154,IDBs/Dataset-2/x86-32_ImageMagick-7.0.10-27-O0_libMagickCore-7.Q16HDRI.so.7.0.0.i64,0x236ac1,InsertComplexFloatRow,IDBs/Dataset-2/x86-32_ImageMagick-7.0.10-27-O1_libMagickCore-7.Q16HDRI.so.7.0.0.i64,0x1f85b0,InsertComplexFloatRow,XO,-0.37829918
155,IDBs/Dataset-2/mips-32_ImageMagick-7.0.10-27-O0_libMagickCore-7.Q16HDRI.so.7.0.0.i64,0x21ae04,AcquireRandomInfo,IDBs/Dataset-2/mips-32_ImageMagick-7.0.10-27-O3_libMagickCore-7.Q16HDRI.so.7.0.0.i64,0x1a22b4,AcquireRandomInfo,XO,-0.13217215
156,IDBs/Dataset-2/x86-32_findutils-4.7.0-O2_xargs.i64,0x28c0,wait_for_proc,IDBs/Dataset-2/x86-32_findutils-4.7.0-O1_xargs.i64,0x19c1,wait_for_proc,XO,-0.19602413
157,IDBs/Dataset-2/x86-32_sqlite-3.34.0-O3_libsqlite3.so.0.8.6.i64,0x8cf4,invalidateTempStorage,IDBs/Dataset-2/x86-32_sqlite-3.34.0-O1_libsqlite3.so.0.8.6.i64,0x4de27,invalidateTempStorage,XO,-0.00060375413
158,IDBs/Dataset-2/mips-32_binutils-2.34-O1_nm-new.i64,0x406aa4,non_numeric_forward,IDBs/Dataset-2/mips-32_binutils-2.34-O2_nm-new.i64,0x406868,non_numeric_forward,XO,-0.05319551
159,IDBs/Dataset-2/x86-32_ImageMagick-7.0.10-27-O2_libMagickCore-7.Q16HDRI.so.7.0.0.i64,0x1f8300,WriteINLINEImage,IDBs/Dataset-2/x86-32_ImageMagick-7.0.10-27-O1_libMagickCore-7.Q16HDRI.so.7.0.0.i64,0x1edabc,WriteINLINEImage,XO,-0.0065392917
160,IDBs/Dataset-2/x86-64_sqlite-3.34.0-O1_libsqlite3.so.0.8.6.i64,0x2efbf,sqlite3WithAdd,IDBs/Dataset-2/x86-64_sqlite-3.34.0-O2_libsqlite3.so.0.8.6.i64,0x3a5f0,sqlite3WithAdd,XO,-1.2251856
161,IDBs/Dataset-2/x86-64_binutils-2.34-O0_readelf.i64,0xd332,elf_s12z_reloc_type,IDBs/Dataset-2/x86-64_binutils-2.34-O1_readelf.i64,0xbf4e,elf_s12z_reloc_type,XO,-0.06806021
162,IDBs/Dataset-2/x86-32_sqlite-3.34.0-O0_libsqlite3.so.0.8.6.i64,0x38f02,sqlite3VdbeMemFinalize,IDBs/Dataset-2/x86-32_sqlite-3.34.0-O2_libsqlite3.so.0.8.6.i64,0x147f0,sqlite3VdbeMemFinalize,XO,-0.47398978
163,IDBs/Dataset-2/x86-64_ImageMagick-7.0.10-27-O3_libMagickCore-7.Q16HDRI.so.7.0.0.i64,0x222e20,DestroyStreamInfo,IDBs/Dataset-2/x86-64_ImageMagick-7.0.10-27-O1_libMagickCore-7.Q16HDRI.so.7.0.0.i64,0x1cdd07,DestroyStreamInfo,XO,-0.0020966162
164,IDBs/Dataset-2/x86-32_sqlite-3.34.0-O1_libsqlite3.so.0.8.6.i64,0xc5c1,selectPopWith,IDBs/Dataset-2/x86-32_sqlite-3.34.0-O2_libsqlite3.so.0.8.6.i64,0x107f0,selectPopWith,XO,-0.0021824827
165,IDBs/Dataset-2/x86-64_ImageMagick-7.0.10-27-O3_libMagickCore-7.Q16HDRI.so.7.0.0.i64,0xaea70,GetDelegateCommand,IDBs/Dataset-2/x86-64_ImageMagick-7.0.10-27-O1_libMagickCore-7.Q16HDRI.so.7.0.0.i64,0x9d616,GetDelegateCommand,XO,-0.018679883
166,IDBs/Dataset-2/x86-32_ImageMagick-7.0.10-27-O2_libMagickCore-7.Q16HDRI.so.7.0.0.i64,0xd8bb0,GetImageViewVirtualPixels,IDBs/Dataset-2/x86-32_ImageMagick-7.0.10-27-O1_libMagickCore-7.Q16HDRI.so.7.0.0.i64,0xd298c,GetImageViewVirtualPixels,XO,-7.513277e-15
167,IDBs/Dataset-2/arm-32_binutils-2.34-O1_readelf.i64,0x17b60,elf_i960_reloc_type,IDBs/Dataset-2/arm-32_binutils-2.34-O0_readelf.i64,0x17d70,elf_i960_reloc_type,XO,-0.07865675
168,IDBs/Dataset-2/arm-32_sqlite-3.34.0-O0_libsqlite3.so.0.8.6.i64,0x1b020,unixLockSharedMemory,IDBs/Dataset-2/arm-32_sqlite-3.34.0-O1_libsqlite3.so.0.8.6.i64,0x29bc8,unixLockSharedMemory,XO,-0.9908272
169,IDBs/Dataset-2/x86-64_coreutils-8.32-O2_numfmt.i64,0x47e0,process_line,IDBs/Dataset-2/x86-64_coreutils-8.32-O0_numfmt.i64,0x487c,process_line,XO,-0.3379478
170,IDBs/Dataset-2/x86-64_ImageMagick-7.0.10-27-O1_libMagickCore-7.Q16HDRI.so.7.0.0.i64,0x5fcda,ImageToFile,IDBs/Dataset-2/x86-64_ImageMagick-7.0.10-27-O3_libMagickCore-7.Q16HDRI.so.7.0.0.i64,0x672d0,ImageToFile,XO,-0.026786622
171,IDBs/Dataset-2/x86-64_ImageMagick-7.0.10-27-O1_libMagickCore-7.Q16HDRI.so.7.0.0.i64,0x2f0662,ReadYUVImage,IDBs/Dataset-2/x86-64_ImageMagick-7.0.10-27-O2_libMagickCore-7.Q16HDRI.so.7.0.0.i64,0x2e64b0,ReadYUVImage,XO,-0.19393364
172,IDBs/Dataset-2/arm-32_ImageMagick-7.0.10-27-O1_libMagickCore-7.Q16HDRI.so.7.0.0.i64,0x164ac4,PopQuantumLongPixel,IDBs/Dataset-2/arm-32_ImageMagick-7.0.10-27-O3_libMagickCore-7.Q16HDRI.so.7.0.0.i64,0x187e00,PopQuantumLongPixel,XO,-0.20346144
173,IDBs/Dataset-2/arm-32_sqlite-3.34.0-O1_libsqlite3.so.0.8.6.i64,0x6639c,sqlite3WhereBegin,IDBs/Dataset-2/arm-32_sqlite-3.34.0-O0_libsqlite3.so.0.8.6.i64,0xcba9c,sqlite3WhereBegin,XO,-1.0410988
174,IDBs/Dataset-2/x86-32_sqlite-3.34.0-O0_libsqlite3.so.0.8.6.i64,0xef0b,sqlite3_str_new,IDBs/Dataset-2/x86-32_sqlite-3.34.0-O1_libsqlite3.so.0.8.6.i64,0x3a018,sqlite3_str_new,XO,-0.59121233
175,IDBs/Dataset-2/x86-32_coreutils-8.32-O3_env.i64,0x2b50,list_signal_handling,IDBs/Dataset-2/x86-32_coreutils-8.32-O0_env.i64,0x2e28,list_signal_handling,XO,-0.88217205
176,IDBs/Dataset-2/mips-32_ImageMagick-7.0.10-27-O2_libMagickCore-7.Q16HDRI.so.7.0.0.i64,0x163464,ImportCMYKOQuantum,IDBs/Dataset-2/mips-32_ImageMagick-7.0.10-27-O1_libMagickCore-7.Q16HDRI.so.7.0.0.i64,0x183250,ImportCMYKOQuantum,XO,-0.03191221
177,IDBs/Dataset-2/x86-32_ImageMagick-7.0.10-27-O0_libMagickCore-7.Q16HDRI.so.7.0.0.i64,0x1079ad,GetLocaleValue,IDBs/Dataset-2/x86-32_ImageMagick-7.0.10-27-O3_libMagickCore-7.Q16HDRI.so.7.0.0.i64,0xf3a60,GetLocaleValue,XO,-0.004998414
178,IDBs/Dataset-2/arm-32_sqlite-3.34.0-O1_libsqlite3.so.0.8.6.i64,0x1f154,sqlite3_str_appendchar,IDBs/Dataset-2/arm-32_sqlite-3.34.0-O3_libsqlite3.so.0.8.6.i64,0x20ff0,sqlite3_str_appendchar,XO,-0.33277518
179,IDBs/Dataset-2/arm-32_sqlite-3.34.0-O0_libsqlite3.so.0.8.6.i64,0x91520,trimFunc,IDBs/Dataset-2/arm-32_sqlite-3.34.0-O1_libsqlite3.so.0.8.6.i64,0x3eb18,trimFunc,XO,-0.047859885
180,IDBs/Dataset-2/mips-32_gmp-6.2.0-O0_libgmp.so.10.4.0.i64,0x1b7a0,__gmpz_cfdiv_q_2exp,IDBs/Dataset-2/mips-32_gmp-6.2.0-O1_libgmp.so.10.4.0.i64,0x13f40,__gmpz_cfdiv_q_2exp,XO,-0.13500486
181,IDBs/Dataset-2/arm-32_sqlite-3.34.0-O0_libsqlite3.so.0.8.6.i64,0x7fe1c,sqlite3AuthReadCol,IDBs/Dataset-2/arm-32_sqlite-3.34.0-O2_libsqlite3.so.0.8.6.i64,0x4bd20,sqlite3AuthReadCol,XO,-0.23996577
182,IDBs/Dataset-2/mips-32_sqlite-3.34.0-O1_libsqlite3.so.0.8.6.i64,0x25c8c,sqlite3VtabMakeWritable,IDBs/Dataset-2/mips-32_sqlite-3.34.0-O0_libsqlite3.so.0.8.6.i64,0xf5fa4,sqlite3VtabMakeWritable,XO,-0.18886639
183,IDBs/Dataset-2/mips-32_sqlite-3.34.0-O1_libsqlite3.so.0.8.6.i64,0x1b5b8,unixCheckReservedLock,IDBs/Dataset-2/mips-32_sqlite-3.34.0-O0_libsqlite3.so.0.8.6.i64,0x1c4bc,unixCheckReservedLock,XO,-0.3287506
184,IDBs/Dataset-2/x86-64_ImageMagick-7.0.10-27-O1_libMagickCore-7.Q16HDRI.so.7.0.0.i64,0x6fb7b,GetAuthenticPixelCacheNexus,IDBs/Dataset-2/x86-64_ImageMagick-7.0.10-27-O0_libMagickCore-7.Q16HDRI.so.7.0.0.i64,0x718d5,GetAuthenticPixelCacheNexus,XO,-0.009916677
185,IDBs/Dataset-2/x86-64_gmp-6.2.0-O0_libgmp.so.10.4.0.i64,0x8623b,__gmp_doprnt_integer,IDBs/Dataset-2/x86-64_gmp-6.2.0-O1_libgmp.so.10.4.0.i64,0x594f3,__gmp_doprnt_integer,XO,-0.05772131
186,IDBs/Dataset-2/arm-32_sqlite-3.34.0-O2_libsqlite3.so.0.8.6.i64,0x592dc,balance_nonroot,IDBs/Dataset-2/arm-32_sqlite-3.34.0-O0_libsqlite3.so.0.8.6.i64,0x3f1d0,balance_nonroot,XO,-0.07572237
187,IDBs/Dataset-2/x86-32_ImageMagick-7.0.10-27-O3_libMagickCore-7.Q16HDRI.so.7.0.0.i64,0xf1880,GetImageListLength,IDBs/Dataset-2/x86-32_ImageMagick-7.0.10-27-O0_libMagickCore-7.Q16HDRI.so.7.0.0.i64,0x105ae3,GetImageListLength,XO,-0.12857527
188,IDBs/Dataset-2/arm-32_ImageMagick-7.0.10-27-O2_libMagickCore-7.Q16HDRI.so.7.0.0.i64,0x475c8,SetPixelCacheVirtualMethod,IDBs/Dataset-2/arm-32_ImageMagick-7.0.10-27-O1_libMagickCore-7.Q16HDRI.so.7.0.0.i64,0x4587c,SetPixelCacheVirtualMethod,XO,-9.132974e-05
189,IDBs/Dataset-2/x86-32_gmp-6.2.0-O0_libgmp.so.10.4.0.i64,0x62602,__gmpn_sec_powm,IDBs/Dataset-2/x86-32_gmp-6.2.0-O1_libgmp.so.10.4.0.i64,0x4d4aa,__gmpn_sec_powm,XO,-0.4218065
190,IDBs/Dataset-2/x86-64_sqlite-3.34.0-O2_libsqlite3.so.0.8.6.i64,0x234c0,vdbePmaReadVarint,IDBs/Dataset-2/x86-64_sqlite-3.34.0-O1_libsqlite3.so.0.8.6.i64,0x1dec7,vdbePmaReadVarint,XO,-0.0642375
191,IDBs/Dataset-2/x86-32_ImageMagick-7.0.10-27-O2_libMagickCore-7.Q16HDRI.so.7.0.0.i64,0x9c610,SelectiveBlurImage,IDBs/Dataset-2/x86-32_ImageMagick-7.0.10-27-O0_libMagickCore-7.Q16HDRI.so.7.0.0.i64,0xafea5,SelectiveBlurImage,XO,-0.0640728
192,IDBs/Dataset-2/mips-32_ImageMagick-7.0.10-27-O2_libMagickCore-7.Q16HDRI.so.7.0.0.i64,0x201f9c,ReadDXT1Pixels,IDBs/Dataset-2/mips-32_ImageMagick-7.0.10-27-O1_libMagickCore-7.Q16HDRI.so.7.0.0.i64,0x23529c,ReadDXT1Pixels,XO,-0.01099059
193,IDBs/Dataset-2/arm-32_ImageMagick-7.0.10-27-O3_libMagickCore-7.Q16HDRI.so.7.0.0.i64,0x28ce28,GetIPTCStream,IDBs/Dataset-2/arm-32_ImageMagick-7.0.10-27-O0_libMagickCore-7.Q16HDRI.so.7.0.0.i64,0x334a74,GetIPTCStream,XO,-0.07920099
194,IDBs/Dataset-2/mips-32_ImageMagick-7.0.10-27-O2_libMagickCore-7.Q16HDRI.so.7.0.0.i64,0x297190,SGIDecode,IDBs/Dataset-2/mips-32_ImageMagick-7.0.10-27-O0_libMagickCore-7.Q16HDRI.so.7.0.0.i64,0x3df814,SGIDecode,XO,-0.8861407
195,IDBs/Dataset-2/x86-32_ImageMagick-7.0.10-27-O1_libMagickCore-7.Q16HDRI.so.7.0.0.i64,0x2f7db,ReadBlobMSBShort,IDBs/Dataset-2/x86-32_ImageMagick-7.0.10-27-O0_libMagickCore-7.Q16HDRI.so.7.0.0.i64,0x371d3,ReadBlobMSBShort,XO,-0.01255696
196,IDBs/Dataset-2/mips-32_ImageMagick-7.0.10-27-O1_libMagickCore-7.Q16HDRI.so.7.0.0.i64,0x233160,RemapIndices,IDBs/Dataset-2/mips-32_ImageMagick-7.0.10-27-O0_libMagickCore-7.Q16HDRI.so.7.0.0.i64,0x2f6294,RemapIndices,XO,-1.0820174
197,IDBs/Dataset-2/x86-32_ImageMagick-7.0.10-27-O0_libMagickCore-7.Q16HDRI.so.7.0.0.i64,0x23f777,format8BIM,IDBs/Dataset-2/x86-32_ImageMagick-7.0.10-27-O1_libMagickCore-7.Q16HDRI.so.7.0.0.i64,0x1fbb0d,format8BIM,XO,-0.040590193
198,IDBs/Dataset-2/arm-32_sqlite-3.34.0-O3_libsqlite3.so.0.8.6.i64,0x41ce0,whereRangeVectorLen.isra.429,IDBs/Dataset-2/arm-32_sqlite-3.34.0-O2_libsqlite3.so.0.8.6.i64,0x3ef00,whereRangeVectorLen.isra.429,XO,-1.6842076
199,IDBs/Dataset-2/x86-64_ImageMagick-7.0.10-27-O0_libMagickCore-7.Q16HDRI.so.7.0.0.i64,0x9961d,GetPeakAbsoluteDistortion,IDBs/Dataset-2/x86-64_ImageMagick-7.0.10-27-O3_libMagickCore-7.Q16HDRI.so.7.0.0.i64,0x8cbd0,GetPeakAbsoluteDistortion,XO,-0.19258247
200,IDBs/Dataset-2/x86-32_ImageMagick-7.0.10-27-O1_libMagickCore-7.Q16HDRI.so.7.0.0.i64,0x112e03,ProfileImage,IDBs/Dataset-2/x86-32_ImageMagick-7.0.10-27-O2_libMagickCore-7.Q16HDRI.so.7.0.0.i64,0x119570,ProfileImage,XO,-0.009376405
201,IDBs/Dataset-2/x86-64_ImageMagick-7.0.10-27-O2_libMagickCore-7.Q16HDRI.so.7.0.0.i64,0x12c030,RemoveImageFromList,IDBs/Dataset-2/x86-64_ImageMagick-7.0.10-27-O0_libMagickCore-7.Q16HDRI.so.7.0.0.i64,0x182912,RemoveImageFromList,XO,-0.127498
202,IDBs/Dataset-2/x86-64_ImageMagick-7.0.10-27-O0_libMagickCore-7.Q16HDRI.so.7.0.0.i64,0x21ce35,GetValueFromSplayTree,IDBs/Dataset-2/arm-32_ImageMagick-7.0.10-27-O0_libMagickCore-7.Q16HDRI.so.7.0.0.i64,0x2421d4,GetValueFromSplayTree,XA,-0.030203935
203,IDBs/Dataset-2/x86-64_sqlite-3.34.0-O0_libsqlite3.so.0.8.6.i64,0x59a2d,vdbeSorterJoinThread,IDBs/Dataset-2/mips-32_sqlite-3.34.0-O0_libsqlite3.so.0.8.6.i64,0x813cc,vdbeSorterJoinThread,XA,-0.047737695
204,IDBs/Dataset-2/mips-32_ImageMagick-7.0.10-27-O3_libMagickCore-7.Q16HDRI.so.7.0.0.i64,0x1124b0,LocaleUppercase,IDBs/Dataset-2/x86-64_ImageMagick-7.0.10-27-O3_libMagickCore-7.Q16HDRI.so.7.0.0.i64,0x151340,LocaleUppercase,XA,-0.22732031
205,IDBs/Dataset-2/x86-32_sqlite-3.34.0-O3_libsqlite3.so.0.8.6.i64,0x1b1c0,btreeEnterAll,IDBs/Dataset-2/x86-64_sqlite-3.34.0-O3_libsqlite3.so.0.8.6.i64,0x20200,btreeEnterAll,XA,-0.0013704267
206,IDBs/Dataset-2/x86-64_diffutils-3.7-O2_diff3.i64,0x3b50,copy_stringlist,IDBs/Dataset-2/mips-32_diffutils-3.7-O2_diff3.i64,0x40375c,copy_stringlist,XA,-0.05446444
207,IDBs/Dataset-2/x86-64_sqlite-3.34.0-O0_libsqlite3.so.0.8.6.i64,0x1d1c2,unixTempFileDir,IDBs/Dataset-2/x86-32_sqlite-3.34.0-O0_libsqlite3.so.0.8.6.i64,0x171c1,unixTempFileDir,XA,-0.0037349972
208,IDBs/Dataset-2/arm-32_sqlite-3.34.0-O0_libsqlite3.so.0.8.6.i64,0xb063c,sqlite3_get_table,IDBs/Dataset-2/mips-32_sqlite-3.34.0-O0_libsqlite3.so.0.8.6.i64,0xe9814,sqlite3_get_table,XA,-0.06469882
209,IDBs/Dataset-2/mips-32_binutils-2.34-O2_readelf.i64,0x41601c,slurp_rela_relocs,IDBs/Dataset-2/arm-32_binutils-2.34-O2_readelf.i64,0x1a2a4,slurp_rela_relocs,XA,-0.12521851
210,IDBs/Dataset-2/x86-32_ImageMagick-7.0.10-27-O0_libMagickCore-7.Q16HDRI.so.7.0.0.i64,0x8c0a7,DistributePixelCacheClient,IDBs/Dataset-2/arm-32_ImageMagick-7.0.10-27-O0_libMagickCore-7.Q16HDRI.so.7.0.0.i64,0xbe650,DistributePixelCacheClient,XA,-1.1206285
211,IDBs/Dataset-2/x86-32_sqlite-3.34.0-O3_libsqlite3.so.0.8.6.i64,0x19bb0,pcache1Unpin,IDBs/Dataset-2/mips-32_sqlite-3.34.0-O3_libsqlite3.so.0.8.6.i64,0x1f4ac,pcache1Unpin,XA,-0.06717963
212,IDBs/Dataset-2/mips-32_ImageMagick-7.0.10-27-O1_libMagickCore-7.Q16HDRI.so.7.0.0.i64,0x93620,DrawPolygonPrimitive,IDBs/Dataset-2/x86-32_ImageMagick-7.0.10-27-O1_libMagickCore-7.Q16HDRI.so.7.0.0.i64,0x798e6,DrawPolygonPrimitive,XA,-2.2865825
213,IDBs/Dataset-2/mips-32_gmp-6.2.0-O1_libgmp.so.10.4.0.i64,0x6db60,__gmpn_sec_tabselect,IDBs/Dataset-2/arm-32_gmp-6.2.0-O1_libgmp.so.10.4.0.i64,0x525b0,__gmpn_sec_tabselect,XA,-1.2956527
214,IDBs/Dataset-2/mips-32_ImageMagick-7.0.10-27-O3_libMagickCore-7.Q16HDRI.so.7.0.0.i64,0x12d6dc,SetImageOption,IDBs/Dataset-2/x86-64_ImageMagick-7.0.10-27-O3_libMagickCore-7.Q16HDRI.so.7.0.0.i64,0x16a780,SetImageOption,XA,-0.12552127
215,IDBs/Dataset-2/x86-32_binutils-2.34-O3_objdump.i64,0x77c60,OP_DIR,IDBs/Dataset-2/x86-64_binutils-2.34-O3_objdump.i64,0xae610,OP_DIR,XA,-0.03430455
216,IDBs/Dataset-2/x86-32_ImageMagick-7.0.10-27-O0_libMagickCore-7.Q16HDRI.so.7.0.0.i64,0x1ee938,WriteCLIPImage,IDBs/Dataset-2/x86-64_ImageMagick-7.0.10-27-O0_libMagickCore-7.Q16HDRI.so.7.0.0.i64,0x2bb0ec,WriteCLIPImage,XA,-0.018497162
217,IDBs/Dataset-2/x86-32_diffutils-3.7-O2_diff3.i64,0x3480,copy_stringlist,IDBs/Dataset-2/x86-64_diffutils-3.7-O2_diff3.i64,0x3b50,copy_stringlist,XA,-0.02936724
218,IDBs/Dataset-2/x86-64_ImageMagick-7.0.10-27-O2_libMagickCore-7.Q16HDRI.so.7.0.0.i64,0x12da50,LoadLocaleCache.part.5,IDBs/Dataset-2/x86-32_ImageMagick-7.0.10-27-O2_libMagickCore-7.Q16HDRI.so.7.0.0.i64,0xe0d30,LoadLocaleCache.part.5,XA,-0.0041016676
219,IDBs/Dataset-2/x86-64_gmp-6.2.0-O3_libgmp.so.10.4.0.i64,0x53b60,__gmpn_toom4_sqr,IDBs/Dataset-2/mips-32_gmp-6.2.0-O3_libgmp.so.10.4.0.i64,0x578d0,__gmpn_toom4_sqr,XA,-0.85470337
220,IDBs/Dataset-2/arm-32_ImageMagick-7.0.10-27-O0_libMagickCore-7.Q16HDRI.so.7.0.0.i64,0x48d5c,GetPixelCachePixels,IDBs/Dataset-2/x86-64_ImageMagick-7.0.10-27-O0_libMagickCore-7.Q16HDRI.so.7.0.0.i64,0x73546,GetPixelCachePixels,XA,-0.058255024
221,IDBs/Dataset-2/x86-32_coreutils-8.32-O3_expr.i64,0x3ec0,eval1,IDBs/Dataset-2/mips-32_coreutils-8.32-O3_expr.i64,0x404c84,eval1,XA,-0.09057024
222,IDBs/Dataset-2/x86-64_gmp-6.2.0-O2_libgmp.so.10.4.0.i64,0x11c30,__gmpf_mul_2exp,IDBs/Dataset-2/arm-32_gmp-6.2.0-O2_libgmp.so.10.4.0.i64,0xda88,__gmpf_mul_2exp,XA,-0.13983145
223,IDBs/Dataset-2/x86-32_ImageMagick-7.0.10-27-O0_libMagickCore-7.Q16HDRI.so.7.0.0.i64,0x2e32e,GetImageDepth._omp_fn.2,IDBs/Dataset-2/mips-32_ImageMagick-7.0.10-27-O0_libMagickCore-7.Q16HDRI.so.7.0.0.i64,0x3629c,GetImageDepth._omp_fn.2,XA,-0.011886109
224,IDBs/Dataset-2/mips-32_binutils-2.34-O1_readelf.i64,0x404f40,elf_bfin_reloc_type,IDBs/Dataset-2/x86-32_binutils-2.34-O1_readelf.i64,0x492b,elf_bfin_reloc_type,XA,-0.12016771
225,IDBs/Dataset-2/arm-32_ImageMagick-7.0.10-27-O2_libMagickCore-7.Q16HDRI.so.7.0.0.i64,0xc3f7c,EqualizeImage._omp_fn.5,IDBs/Dataset-2/x86-64_ImageMagick-7.0.10-27-O2_libMagickCore-7.Q16HDRI.so.7.0.0.i64,0xf0870,EqualizeImage._omp_fn.5,XA,-0.56602824
226,IDBs/Dataset-2/mips-32_ImageMagick-7.0.10-27-O1_libMagickCore-7.Q16HDRI.so.7.0.0.i64,0x2c8cc4,ReadPSDChannelRaw,IDBs/Dataset-2/x86-64_ImageMagick-7.0.10-27-O1_libMagickCore-7.Q16HDRI.so.7.0.0.i64,0x2b2565,ReadPSDChannelRaw,XA,-0.09946577
227,IDBs/Dataset-2/x86-32_coreutils-8.32-O0_tr.i64,0x36f6,validate,IDBs/Dataset-2/mips-32_coreutils-8.32-O0_tr.i64,0x4050a4,validate,XA,-0.0135283945
228,IDBs/Dataset-2/x86-64_ImageMagick-7.0.10-27-O3_libMagickCore-7.Q16HDRI.so.7.0.0.i64,0x23e910,MagickDelay,IDBs/Dataset-2/mips-32_ImageMagick-7.0.10-27-O3_libMagickCore-7.Q16HDRI.so.7.0.0.i64,0x1fdbdc,MagickDelay,XA,-1.54383
229,IDBs/Dataset-2/x86-64_gmp-6.2.0-O3_libgmp.so.10.4.0.i64,0x138a0,__gmpf_fits_uint_p,IDBs/Dataset-2/mips-32_gmp-6.2.0-O3_libgmp.so.10.4.0.i64,0xf360,__gmpf_fits_uint_p,XA,-0.05395433
230,IDBs/Dataset-2/arm-32_findutils-4.7.0-O0_find.i64,0x1edb4,do_fprintf,IDBs/Dataset-2/mips-32_findutils-4.7.0-O0_find.i64,0x414c34,do_fprintf,XA,-0.20762399
231,IDBs/Dataset-2/x86-32_ImageMagick-7.0.10-27-O0_libMagickCore-7.Q16HDRI.so.7.0.0.i64,0x25bb22,ReadPCXImage,IDBs/Dataset-2/arm-32_ImageMagick-7.0.10-27-O0_libMagickCore-7.Q16HDRI.so.7.0.0.i64,0x35ce78,ReadPCXImage,XA,-23.156473
232,IDBs/Dataset-2/x86-64_binutils-2.34-O1_objdump.i64,0x8b69d,pr_method_type,IDBs/Dataset-2/mips-32_binutils-2.34-O1_objdump.i64,0x4439b4,pr_method_type,XA,-0.06269703
233,IDBs/Dataset-2/x86-64_sqlite-3.34.0-O1_libsqlite3.so.0.8.6.i64,0x4ec81,btreeMoveto,IDBs/Dataset-2/mips-32_sqlite-3.34.0-O1_libsqlite3.so.0.8.6.i64,0x70af0,btreeMoveto,XA,-0.010720848
234,IDBs/Dataset-2/arm-32_ImageMagick-7.0.10-27-O2_libMagickCore-7.Q16HDRI.so.7.0.0.i64,0x1132e4,RelinquishVirtualMemory,IDBs/Dataset-2/x86-32_ImageMagick-7.0.10-27-O2_libMagickCore-7.Q16HDRI.so.7.0.0.i64,0xe9360,RelinquishVirtualMemory,XA,-0.04254149
235,IDBs/Dataset-2/x86-32_ImageMagick-7.0.10-27-O2_libMagickCore-7.Q16HDRI.so.7.0.0.i64,0x221ed0,UTF8ToUTF16,IDBs/Dataset-2/arm-32_ImageMagick-7.0.10-27-O2_libMagickCore-7.Q16HDRI.so.7.0.0.i64,0x265edc,UTF8ToUTF16,XA,-0.06299931
236,IDBs/Dataset-2/x86-64_coreutils-8.32-O0_env.i64,0x29a0,build_argv,IDBs/Dataset-2/mips-32_coreutils-8.32-O0_env.i64,0x402b88,build_argv,XA,-0.88977814
237,IDBs/Dataset-2/x86-64_sqlite-3.34.0-O0_libsqlite3.so.0.8.6.i64,0x4b835,sqlite3_stmt_busy,IDBs/Dataset-2/x86-32_sqlite-3.34.0-O0_libsqlite3.so.0.8.6.i64,0x43879,sqlite3_stmt_busy,XA,-0.004502954
238,IDBs/Dataset-2/arm-32_sqlite-3.34.0-O3_libsqlite3.so.0.8.6.i64,0x11074,whereLoopFindLesser,IDBs/Dataset-2/x86-32_sqlite-3.34.0-O3_libsqlite3.so.0.8.6.i64,0x10340,whereLoopFindLesser,XA,-0.23023197
239,IDBs/Dataset-2/arm-32_putty-0.74-O0_plink.i64,0xb4dd0,serial_uxsel_setup,IDBs/Dataset-2/x86-32_putty-0.74-O0_plink.i64,0x94058,serial_uxsel_setup,XA,-0.0087359855
240,IDBs/Dataset-2/mips-32_ImageMagick-7.0.10-27-O0_libMagickCore-7.Q16HDRI.so.7.0.0.i64,0x1fedc8,ExportQuantumPixels,IDBs/Dataset-2/x86-32_ImageMagick-7.0.10-27-O0_libMagickCore-7.Q16HDRI.so.7.0.0.i64,0x162cf6,ExportQuantumPixels,XA,-1.8077883
241,IDBs/Dataset-2/arm-32_coreutils-8.32-O1_dircolors.i64,0x11644,dc_parse_stream,IDBs/Dataset-2/x86-64_coreutils-8.32-O1_dircolors.i64,0x2299,dc_parse_stream,XA,-0.0056035644
242,IDBs/Dataset-2/arm-32_diffutils-3.7-O2_diff3.i64,0x14e18,xfreopen,IDBs/Dataset-2/x86-64_diffutils-3.7-O2_diff3.i64,0x6270,xfreopen,XA,-0.076561704
243,IDBs/Dataset-2/arm-32_sqlite-3.34.0-O1_libsqlite3.so.0.8.6.i64,0xa0ec,btreeParseCellPtrIndex,IDBs/Dataset-2/mips-32_sqlite-3.34.0-O1_libsqlite3.so.0.8.6.i64,0xaa4c,btreeParseCellPtrIndex,XA,-0.069141835
244,IDBs/Dataset-2/mips-32_ImageMagick-7.0.10-27-O0_libMagickCore-7.Q16HDRI.so.7.0.0.i64,0x3ff1c8,ReadTIMImage,IDBs/Dataset-2/x86-32_ImageMagick-7.0.10-27-O0_libMagickCore-7.Q16HDRI.so.7.0.0.i64,0x2be799,ReadTIMImage,XA,-2.2648113
245,IDBs/Dataset-2/x86-64_binutils-2.34-O0_readelf.i64,0x27a9e,get_group_flags,IDBs/Dataset-2/arm-32_binutils-2.34-O0_readelf.i64,0x39d34,get_group_flags,XA,-0.4074871
246,IDBs/Dataset-2/x86-64_binutils-2.34-O0_readelf.i64,0x1fbde,get_osabi_name,IDBs/Dataset-2/arm-32_binutils-2.34-O0_readelf.i64,0x30314,get_osabi_name,XA,-0.54647213
247,IDBs/Dataset-2/mips-32_ImageMagick-7.0.10-27-O1_libMagickCore-7.Q16HDRI.so.7.0.0.i64,0x10cd30,LocaleComponentTerminus,IDBs/Dataset-2/x86-64_ImageMagick-7.0.10-27-O1_libMagickCore-7.Q16HDRI.so.7.0.0.i64,0x12b62b,LocaleComponentTerminus,XA,-0.6887641
248,IDBs/Dataset-2/arm-32_putty-0.74-O3_plink.i64,0x2efc4,raw_closing,IDBs/Dataset-2/x86-32_putty-0.74-O3_plink.i64,0x24210,raw_closing,XA,-0.08661457
249,IDBs/Dataset-2/x86-32_sqlite-3.34.0-O2_libsqlite3.so.0.8.6.i64,0x37ba0,sqlite3PExpr,IDBs/Dataset-2/mips-32_sqlite-3.34.0-O2_libsqlite3.so.0.8.6.i64,0x4a2d0,sqlite3PExpr,XA,-0.15281306
250,IDBs/Dataset-2/x86-64_ImageMagick-7.0.10-27-O3_libMagickCore-7.Q16HDRI.so.7.0.0.i64,0x212ad0,GetNextKeyInSplayTree,IDBs/Dataset-2/mips-32_ImageMagick-7.0.10-27-O3_libMagickCore-7.Q16HDRI.so.7.0.0.i64,0x1cacc0,GetNextKeyInSplayTree,XA,-0.29494894
251,IDBs/Dataset-2/x86-32_sqlite-3.34.0-O2_libsqlite3.so.0.8.6.i64,0x368d0,convertCompoundSelectToSubquery,IDBs/Dataset-2/x86-64_sqlite-3.34.0-O2_libsqlite3.so.0.8.6.i64,0x3b530,convertCompoundSelectToSubquery,XA,-0.003415948
252,IDBs/Dataset-2/mips-32_ImageMagick-7.0.10-27-O0_libMagickCore-7.Q16HDRI.so.7.0.0.i64,0x24818c,DestroySignatureInfo,IDBs/Dataset-2/x86-32_ImageMagick-7.0.10-27-O0_libMagickCore-7.Q16HDRI.so.7.0.0.i64,0x190557,DestroySignatureInfo,XA,-0.93863595
253,IDBs/Dataset-2/mips-32_ImageMagick-7.0.10-27-O0_libMagickCore-7.Q16HDRI.so.7.0.0.i64,0x34324,IsImageMonochrome,IDBs/Dataset-2/arm-32_ImageMagick-7.0.10-27-O0_libMagickCore-7.Q16HDRI.so.7.0.0.i64,0x31490,IsImageMonochrome,XA,-0.74389076
254,IDBs/Dataset-2/x86-32_coreutils-8.32-O0_sync.i64,0x13e8,sync_arg,IDBs/Dataset-2/mips-32_coreutils-8.32-O0_sync.i64,0x40192c,sync_arg,XA,-0.008276062
255,IDBs/Dataset-2/mips-32_ImageMagick-7.0.10-27-O3_libMagickCore-7.Q16HDRI.so.7.0.0.i64,0x213e2c,GetXMLTreeProcessingInstructions,IDBs/Dataset-2/arm-32_ImageMagick-7.0.10-27-O3_libMagickCore-7.Q16HDRI.so.7.0.0.i64,0x22e250,GetXMLTreeProcessingInstructions,XA,-0.36699274
256,IDBs/Dataset-2/x86-32_coreutils-8.32-O0_ginstall.i64,0x4b62,ignorable_ctx_err_0,IDBs/Dataset-2/mips-32_coreutils-8.32-O0_ginstall.i64,0x4072ec,ignorable_ctx_err_0,XA,-0.019528385
257,IDBs/Dataset-2/x86-64_ImageMagick-7.0.10-27-O1_libMagickCore-7.Q16HDRI.so.7.0.0.i64,0x1ccad7,WriteStreamImage,IDBs/Dataset-2/x86-32_ImageMagick-7.0.10-27-O1_libMagickCore-7.Q16HDRI.so.7.0.0.i64,0x1804db,WriteStreamImage,XA,-0.07261968
258,IDBs/Dataset-2/x86-32_ImageMagick-7.0.10-27-O1_libMagickCore-7.Q16HDRI.so.7.0.0.i64,0xa8f96,DefaultFatalErrorHandler,IDBs/Dataset-2/mips-32_ImageMagick-7.0.10-27-O1_libMagickCore-7.Q16HDRI.so.7.0.0.i64,0xccc60,DefaultFatalErrorHandler,XA,-0.047674466
259,IDBs/Dataset-2/mips-32_findutils-4.7.0-O0_find.i64,0x409748,print_optlist,IDBs/Dataset-2/x86-64_findutils-4.7.0-O0_find.i64,0xa33d,print_optlist,XA,-0.029125689
260,IDBs/Dataset-2/arm-32_coreutils-8.32-O0_numfmt.i64,0x125f0,simple_strtod_fatal,IDBs/Dataset-2/mips-32_coreutils-8.32-O0_numfmt.i64,0x402cfc,simple_strtod_fatal,XA,-0.2809071
261,IDBs/Dataset-2/arm-32_ImageMagick-7.0.10-27-O1_libMagickCore-7.Q16HDRI.so.7.0.0.i64,0xfe6d4,SetImageExtent,IDBs/Dataset-2/mips-32_ImageMagick-7.0.10-27-O1_libMagickCore-7.Q16HDRI.so.7.0.0.i64,0xf8d24,SetImageExtent,XA,-0.030889243
262,IDBs/Dataset-2/x86-32_gmp-6.2.0-O1_libgmp.so.10.4.0.i64,0x278b6,__gmpn_sqr,IDBs/Dataset-2/mips-32_gmp-6.2.0-O1_libgmp.so.10.4.0.i64,0x35330,__gmpn_sqr,XA,-0.046127148
263,IDBs/Dataset-2/x86-32_sqlite-3.34.0-O0_libsqlite3.so.0.8.6.i64,0x5a488,sqlite3ExprListAppend,IDBs/Dataset-2/mips-32_sqlite-3.34.0-O0_libsqlite3.so.0.8.6.i64,0x9153c,sqlite3ExprListAppend,XA,-0.023798706
264,IDBs/Dataset-2/mips-32_putty-0.74-O3_plink.i64,0x49fbe0,platform_get_x11_auth,IDBs/Dataset-2/arm-32_putty-0.74-O3_plink.i64,0x8bf44,platform_get_x11_auth,XA,-1.2611954
265,IDBs/Dataset-2/x86-32_sqlite-3.34.0-O3_libsqlite3.so.0.8.6.i64,0x4b8c0,yy_destructor,IDBs/Dataset-2/x86-64_sqlite-3.34.0-O3_libsqlite3.so.0.8.6.i64,0x396b0,yy_destructor,XA,-0.025089279
266,IDBs/Dataset-2/mips-32_ImageMagick-7.0.10-27-O2_libMagickCore-7.Q16HDRI.so.7.0.0.i64,0x1db188,InsertTagIntoXMLTree,IDBs/Dataset-2/x86-64_ImageMagick-7.0.10-27-O2_libMagickCore-7.Q16HDRI.so.7.0.0.i64,0x20ad50,InsertTagIntoXMLTree,XA,-0.016070768
267,IDBs/Dataset-2/x86-64_ImageMagick-7.0.10-27-O0_libMagickCore-7.Q16HDRI.so.7.0.0.i64,0xb2b9f,RaiseImage,IDBs/Dataset-2/x86-32_ImageMagick-7.0.10-27-O0_libMagickCore-7.Q16HDRI.so.7.0.0.i64,0x770a1,RaiseImage,XA,-0.01691274
268,IDBs/Dataset-2/mips-32_ImageMagick-7.0.10-27-O2_libMagickCore-7.Q16HDRI.so.7.0.0.i64,0xf8060,LocaleCompare,IDBs/Dataset-2/arm-32_ImageMagick-7.0.10-27-O2_libMagickCore-7.Q16HDRI.so.7.0.0.i64,0x10a770,LocaleCompare,XA,-0.33931094
269,IDBs/Dataset-2/arm-32_sqlite-3.34.0-O3_libsqlite3.so.0.8.6.i64,0x2032c,statAccumDestructor,IDBs/Dataset-2/x86-32_sqlite-3.34.0-O3_libsqlite3.so.0.8.6.i64,0x1eab0,statAccumDestructor,XA,-0.023986634
270,IDBs/Dataset-2/x86-32_ImageMagick-7.0.10-27-O0_libMagickCore-7.Q16HDRI.so.7.0.0.i64,0x217876,IsGIF,IDBs/Dataset-2/x86-64_ImageMagick-7.0.10-27-O0_libMagickCore-7.Q16HDRI.so.7.0.0.i64,0x2e7242,IsGIF,XA,-0.0047902004
271,IDBs/Dataset-2/x86-64_coreutils-8.32-O3_du.i64,0x5000,di_set_insert,IDBs/Dataset-2/mips-32_coreutils-8.32-O3_du.i64,0x40598c,di_set_insert,XA,-0.08168848
272,IDBs/Dataset-2/x86-64_ImageMagick-7.0.10-27-O0_libMagickCore-7.Q16HDRI.so.7.0.0.i64,0x2d297c,WriteDDSImage,IDBs/Dataset-2/arm-32_ImageMagick-7.0.10-27-O0_libMagickCore-7.Q16HDRI.so.7.0.0.i64,0x2e25d4,WriteDDSImage,XA,-0.059522882
273,IDBs/Dataset-2/arm-32_sqlite-3.34.0-O0_libsqlite3.so.0.8.6.i64,0x8644c,sqliteViewResetAll,IDBs/Dataset-2/x86-64_sqlite-3.34.0-O0_libsqlite3.so.0.8.6.i64,0x7841f,sqliteViewResetAll,XA,-0.028495053
274,IDBs/Dataset-2/x86-64_gmp-6.2.0-O1_libgmp.so.10.4.0.i64,0x24cd1,__gmpq_set_si,IDBs/Dataset-2/x86-32_gmp-6.2.0-O1_libgmp.so.10.4.0.i64,0x20990,__gmpq_set_si,XA,-0.009158657
275,IDBs/Dataset-2/mips-32_ImageMagick-7.0.10-27-O2_libMagickCore-7.Q16HDRI.so.7.0.0.i64,0x17b9a8,Quadratic,IDBs/Dataset-2/x86-32_ImageMagick-7.0.10-27-O2_libMagickCore-7.Q16HDRI.so.7.0.0.i64,0x1601f0,Quadratic,XA,-0.046691112
276,IDBs/Dataset-2/mips-32_gmp-6.2.0-O3_libgmp.so.10.4.0.i64,0x179e0,__gmpz_fac_ui,IDBs/Dataset-2/arm-32_gmp-6.2.0-O3_libgmp.so.10.4.0.i64,0x14d7c,__gmpz_fac_ui,XA,-0.051398497
277,IDBs/Dataset-2/x86-64_binutils-2.34-O1_readelf.i64,0xef1c,get_v850_section_type_name,IDBs/Dataset-2/mips-32_binutils-2.34-O1_readelf.i64,0x40c9f8,get_v850_section_type_name,XA,-0.075692564
278,IDBs/Dataset-2/arm-32_ImageMagick-7.0.10-27-O1_libMagickCore-7.Q16HDRI.so.7.0.0.i64,0x157b00,SetGrayscaleImage._omp_fn.4,IDBs/Dataset-2/x86-32_ImageMagick-7.0.10-27-O1_libMagickCore-7.Q16HDRI.so.7.0.0.i64,0x114570,SetGrayscaleImage._omp_fn.4,XA,-0.7895503
279,IDBs/Dataset-2/x86-64_ImageMagick-7.0.10-27-O1_libMagickCore-7.Q16HDRI.so.7.0.0.i64,0x11a13a,CatchImageException,IDBs/Dataset-2/mips-32_ImageMagick-7.0.10-27-O1_libMagickCore-7.Q16HDRI.so.7.0.0.i64,0xf5f04,CatchImageException,XA,-0.77431834
280,IDBs/Dataset-2/arm-32_findutils-4.7.0-O3_find.i64,0x1db68,get_info,IDBs/Dataset-2/x86-64_findutils-4.7.0-O3_find.i64,0x13090,get_info,XA,-0.01715325
281,IDBs/Dataset-2/x86-32_ImageMagick-7.0.10-27-O2_libMagickCore-7.Q16HDRI.so.7.0.0.i64,0x111f10,DefineImageProperty,IDBs/Dataset-2/x86-64_ImageMagick-7.0.10-27-O2_libMagickCore-7.Q16HDRI.so.7.0.0.i64,0x15f720,DefineImageProperty,XA,-0.008814392
282,IDBs/Dataset-2/x86-64_ImageMagick-7.0.10-27-O1_libMagickCore-7.Q16HDRI.so.7.0.0.i64,0x28aeb8,UTF8ToUTF16,IDBs/Dataset-2/x86-32_ImageMagick-7.0.10-27-O1_libMagickCore-7.Q16HDRI.so.7.0.0.i64,0x219b7a,UTF8ToUTF16,XA,-0.17555669
283,IDBs/Dataset-2/arm-32_ImageMagick-7.0.10-27-O3_libMagickCore-7.Q16HDRI.so.7.0.0.i64,0x109b44,IsPaletteImage,IDBs/Dataset-2/x86-64_ImageMagick-7.0.10-27-O3_libMagickCore-7.Q16HDRI.so.7.0.0.i64,0x135b90,IsPaletteImage,XA,-0.06513071
284,IDBs/Dataset-2/x86-32_ImageMagick-7.0.10-27-O2_libMagickCore-7.Q16HDRI.so.7.0.0.i64,0x198050,TransverseImage,IDBs/Dataset-2/arm-32_ImageMagick-7.0.10-27-O2_libMagickCore-7.Q16HDRI.so.7.0.0.i64,0x1d2518,TransverseImage,XA,-0.08657137
285,IDBs/Dataset-2/x86-64_gmp-6.2.0-O2_libgmp.so.10.4.0.i64,0x23b40,__gmpz_tdiv_q,IDBs/Dataset-2/mips-32_gmp-6.2.0-O2_libgmp.so.10.4.0.i64,0x25890,__gmpz_tdiv_q,XA,-0.28120908
286,IDBs/Dataset-2/x86-64_sqlite-3.34.0-O0_libsqlite3.so.0.8.6.i64,0xb361b,indexColumnNotNull,IDBs/Dataset-2/arm-32_sqlite-3.34.0-O0_libsqlite3.so.0.8.6.i64,0xc3440,indexColumnNotNull,XA,-0.024435233
287,IDBs/Dataset-2/x86-32_binutils-2.34-O3_objdump.i64,0x56550,tg_typdef,IDBs/Dataset-2/arm-32_binutils-2.34-O3_objdump.i64,0x433d8,tg_typdef,XA,-0.010268768
288,IDBs/Dataset-2/x86-32_ImageMagick-7.0.10-27-O2_libMagickCore-7.Q16HDRI.so.7.0.0.i64,0x191a30,Tokenizer,IDBs/Dataset-2/x86-64_ImageMagick-7.0.10-27-O2_libMagickCore-7.Q16HDRI.so.7.0.0.i64,0x1d2270,Tokenizer,XA,-0.008453863
289,IDBs/Dataset-2/arm-32_ImageMagick-7.0.10-27-O2_libMagickCore-7.Q16HDRI.so.7.0.0.i64,0x243810,ReadMASKImage,IDBs/Dataset-2/x86-64_ImageMagick-7.0.10-27-O2_libMagickCore-7.Q16HDRI.so.7.0.0.i64,0x266ff0,ReadMASKImage,XA,-0.050848223
290,IDBs/Dataset-2/arm-32_sqlite-3.34.0-O2_libsqlite3.so.0.8.6.i64,0x25970,unixLock,IDBs/Dataset-2/x86-32_sqlite-3.34.0-O2_libsqlite3.so.0.8.6.i64,0x239c0,unixLock,XA,-0.1135219
291,IDBs/Dataset-2/x86-64_sqlite-3.34.0-O2_libsqlite3.so.0.8.6.i64,0x1e460,sqlite3ExprCoveredByIndex,IDBs/Dataset-2/x86-32_sqlite-3.34.0-O2_libsqlite3.so.0.8.6.i64,0x18df0,sqlite3ExprCoveredByIndex,XA,-1.6461029
292,IDBs/Dataset-2/arm-32_diffutils-3.7-O0_cmp.i64,0x111a0,specify_ignore_initial,IDBs/Dataset-2/mips-32_diffutils-3.7-O0_cmp.i64,0x401708,specify_ignore_initial,XA,-0.06958789
293,IDBs/Dataset-2/mips-32_putty-0.74-O1_psftp.i64,0x429dec,do_sftp,IDBs/Dataset-2/x86-64_putty-0.74-O1_psftp.i64,0x1fed7,do_sftp,XA,-0.07001585
294,IDBs/Dataset-2/x86-64_findutils-4.7.0-O1_find.i64,0x12629,parse_daystart,IDBs/Dataset-2/arm-32_findutils-4.7.0-O1_find.i64,0x1e5dc,parse_daystart,XA,-0.062776655
295,IDBs/Dataset-2/arm-32_binutils-2.34-O3_objdump.i64,0x1928c,disassemble_section,IDBs/Dataset-2/x86-64_binutils-2.34-O3_objdump.i64,0x685a0,disassemble_section,XA,-0.005214085
296,IDBs/Dataset-2/arm-32_ImageMagick-7.0.10-27-O0_libMagickCore-7.Q16HDRI.so.7.0.0.i64,0x2db998,VectorClamp,IDBs/Dataset-2/x86-32_ImageMagick-7.0.10-27-O0_libMagickCore-7.Q16HDRI.so.7.0.0.i64,0x1fed1c,VectorClamp,XA,-1.2004585
297,IDBs/Dataset-2/arm-32_coreutils-8.32-O2_printf.i64,0x12424,verify_numeric,IDBs/Dataset-2/x86-32_coreutils-8.32-O2_printf.i64,0x2750,verify_numeric,XA,-0.42684332
298,IDBs/Dataset-2/mips-32_ImageMagick-7.0.10-27-O1_libMagickCore-7.Q16HDRI.so.7.0.0.i64,0x225d34,ReadCMYKImage,IDBs/Dataset-2/x86-32_ImageMagick-7.0.10-27-O1_libMagickCore-7.Q16HDRI.so.7.0.0.i64,0x1c334d,ReadCMYKImage,XA,-1.486805
299,IDBs/Dataset-2/arm-32_findutils-4.7.0-O3_find.i64,0x14890,pred_newerXY,IDBs/Dataset-2/x86-32_findutils-4.7.0-O3_find.i64,0x6010,pred_newerXY,XA,-0.58401275
300,IDBs/Dataset-2/x86-64_sqlite-3.34.0-O1_libsqlite3.so.0.8.6.i64,0x43010,sqlite3ParseUri,IDBs/Dataset-2/mips-32_sqlite-3.34.0-O1_libsqlite3.so.0.8.6.i64,0x5ec8c,sqlite3ParseUri,XA,-0.049138755
301,IDBs/Dataset-2/mips-32_gmp-6.2.0-O0_libgmp.so.10.4.0.i64,0x3a070,__gmpz_tdiv_qr_ui,IDBs/Dataset-2/x86-32_gmp-6.2.0-O0_libgmp.so.10.4.0.i64,0x24e9b,__gmpz_tdiv_qr_ui,XA,-0.38161328
302,IDBs/Dataset-2/mips-32_ImageMagick-7.0.10-27-O2_libMagickCore-7.Q16HDRI.so.7.0.0.i64,0x198e20,GetNextKeyInSplayTree,IDBs/Dataset-2/arm-32_ImageMagick-7.0.10-27-O2_libMagickCore-7.Q16HDRI.so.7.0.0.i64,0x1b2b38,GetNextKeyInSplayTree,XA,-0.34401143
303,IDBs/Dataset-2/x86-64_sqlite-3.34.0-O0_libsqlite3.so.0.8.6.i64,0x3203d,lockBtree,IDBs/Dataset-2/x86-32_sqlite-3.34.0-O0_libsqlite3.so.0.8.6.i64,0x2b964,lockBtree,XA,-0.014026582
304,IDBs/Dataset-2/mips-32_binutils-2.34-O0_objdump.i64,0x40a648,compare_symbols,IDBs/Dataset-2/arm-32_binutils-2.34-O0_objdump.i64,0x13538,compare_symbols,XA,-0.76387334
305,IDBs/Dataset-2/mips-32_sqlite-3.34.0-O1_libsqlite3.so.0.8.6.i64,0x16264,unixSetSystemCall,IDBs/Dataset-2/arm-32_sqlite-3.34.0-O1_libsqlite3.so.0.8.6.i64,0x127bc,unixSetSystemCall,XA,-0.07028839
306,IDBs/Dataset-2/arm-32_gmp-6.2.0-O3_libgmp.so.10.4.0.i64,0x20f10,__gmpq_clears,IDBs/Dataset-2/x86-32_gmp-6.2.0-O3_libgmp.so.10.4.0.i64,0x22390,__gmpq_clears,XA,-0.0436999
307,IDBs/Dataset-2/x86-32_ImageMagick-7.0.10-27-O2_libMagickCore-7.Q16HDRI.so.7.0.0.i64,0xeba50,MontageImageList,IDBs/Dataset-2/x86-64_ImageMagick-7.0.10-27-O2_libMagickCore-7.Q16HDRI.so.7.0.0.i64,0x138090,MontageImageList,XA,-0.018606683
308,IDBs/Dataset-2/x86-64_ImageMagick-7.0.10-27-O0_libMagickCore-7.Q16HDRI.so.7.0.0.i64,0x6d54e,SetCustomStreamData,IDBs/Dataset-2/arm-32_ImageMagick-7.0.10-27-O0_libMagickCore-7.Q16HDRI.so.7.0.0.i64,0x40a1c,SetCustomStreamData,XA,-0.004645885
309,IDBs/Dataset-2/x86-64_binutils-2.34-O3_objdump.i64,0xb2db0,OP_Vex_2src_2,IDBs/Dataset-2/x86-32_binutils-2.34-O3_objdump.i64,0x7f0c0,OP_Vex_2src_2,XA,-0.023882799
310,IDBs/Dataset-2/mips-32_sqlite-3.34.0-O3_libsqlite3.so.0.8.6.i64,0xc7170,sqlite3AnalysisLoad,IDBs/Dataset-2/arm-32_sqlite-3.34.0-O3_libsqlite3.so.0.8.6.i64,0xa5a40,sqlite3AnalysisLoad,XA,-0.054923955
311,IDBs/Dataset-2/arm-32_gmp-6.2.0-O2_libgmp.so.10.4.0.i64,0x15c7c,__gmpz_fits_ushort_p,IDBs/Dataset-2/mips-32_gmp-6.2.0-O2_libgmp.so.10.4.0.i64,0x18e60,__gmpz_fits_ushort_p,XA,-0.029665105
312,IDBs/Dataset-2/arm-32_ImageMagick-7.0.10-27-O3_libMagickCore-7.Q16HDRI.so.7.0.0.i64,0x167834,SetImageProperty,IDBs/Dataset-2/x86-64_ImageMagick-7.0.10-27-O3_libMagickCore-7.Q16HDRI.so.7.0.0.i64,0x189830,SetImageProperty,XA,-0.2534229
313,IDBs/Dataset-2/x86-64_sqlite-3.34.0-O1_libsqlite3.so.0.8.6.i64,0xf166,finalDbSize,IDBs/Dataset-2/mips-32_sqlite-3.34.0-O1_libsqlite3.so.0.8.6.i64,0xae5c,finalDbSize,XA,-0.018550564
314,IDBs/Dataset-2/x86-64_binutils-2.34-O0_objdump.i64,0x688e8,find_stabs_section,IDBs/Dataset-2/x86-32_binutils-2.34-O0_objdump.i64,0x29a8a,find_stabs_section,XA,-0.007243203
315,IDBs/Dataset-2/mips-32_ImageMagick-7.0.10-27-O2_libMagickCore-7.Q16HDRI.so.7.0.0.i64,0x2007c8,ReadDDSImage,IDBs/Dataset-2/x86-32_ImageMagick-7.0.10-27-O2_libMagickCore-7.Q16HDRI.so.7.0.0.i64,0x1d7c00,ReadDDSImage,XA,-0.32838017
316,IDBs/Dataset-2/x86-32_ImageMagick-7.0.10-27-O1_libMagickCore-7.Q16HDRI.so.7.0.0.i64,0x256a77,sixel_put_flash,IDBs/Dataset-2/mips-32_ImageMagick-7.0.10-27-O1_libMagickCore-7.Q16HDRI.so.7.0.0.i64,0x2e44bc,sixel_put_flash,XA,-0.023881689
317,IDBs/Dataset-2/arm-32_putty-0.74-O3_plink.i64,0x93ab0,serial_select_result,IDBs/Dataset-2/x86-64_putty-0.74-O3_plink.i64,0xa98d0,serial_select_result,XA,-0.56748474
318,IDBs/Dataset-2/arm-32_coreutils-8.32-O0_od.i64,0x143d4,format_address_std,IDBs/Dataset-2/x86-64_coreutils-8.32-O0_od.i64,0x41dd,format_address_std,XA,-0.06577893
319,IDBs/Dataset-2/arm-32_ImageMagick-7.0.10-27-O3_libMagickCore-7.Q16HDRI.so.7.0.0.i64,0x26eca4,ReadGIFImage,IDBs/Dataset-2/x86-64_ImageMagick-7.0.10-27-O3_libMagickCore-7.Q16HDRI.so.7.0.0.i64,0x2c3650,ReadGIFImage,XA,-0.37844518
320,IDBs/Dataset-2/arm-32_sqlite-3.34.0-O3_libsqlite3.so.0.8.6.i64,0x4d600,sqlite3_db_status,IDBs/Dataset-2/x86-32_sqlite-3.34.0-O3_libsqlite3.so.0.8.6.i64,0x4be00,sqlite3_db_status,XA,-0.32372618
321,IDBs/Dataset-2/x86-64_ImageMagick-7.0.10-27-O2_libMagickCore-7.Q16HDRI.so.7.0.0.i64,0x2671e0,FixSignedValues,IDBs/Dataset-2/x86-32_ImageMagick-7.0.10-27-O2_libMagickCore-7.Q16HDRI.so.7.0.0.i64,0x202860,FixSignedValues,XA,-0.022064392
322,IDBs/Dataset-2/arm-32_ImageMagick-7.0.10-27-O2_libMagickCore-7.Q16HDRI.so.7.0.0.i64,0x47a90,AcquireVirtualCacheView,IDBs/Dataset-2/x86-32_ImageMagick-7.0.10-27-O2_libMagickCore-7.Q16HDRI.so.7.0.0.i64,0x43e00,AcquireVirtualCacheView,XA,-0.041444838
323,IDBs/Dataset-2/x86-32_gmp-6.2.0-O2_libgmp.so.10.4.0.i64,0x241c0,__gmpn_mul_1,IDBs/Dataset-2/x86-64_gmp-6.2.0-O2_libgmp.so.10.4.0.i64,0x28c20,__gmpn_mul_1,XA,-0.015701598
324,IDBs/Dataset-2/mips-32_ImageMagick-7.0.10-27-O0_libMagickCore-7.Q16HDRI.so.7.0.0.i64,0x178048,LogMagickEvent,IDBs/Dataset-2/x86-32_ImageMagick-7.0.10-27-O0_libMagickCore-7.Q16HDRI.so.7.0.0.i64,0x10b66d,LogMagickEvent,XA,-0.0050556273
325,IDBs/Dataset-2/arm-32_coreutils-8.32-O0_head.i64,0x138ac,head,IDBs/Dataset-2/mips-32_coreutils-8.32-O0_head.i64,0x4044e8,head,XA,-0.024555735
326,IDBs/Dataset-2/mips-32_ImageMagick-7.0.10-27-O1_libMagickCore-7.Q16HDRI.so.7.0.0.i64,0x1986c8,SetRandomKey,IDBs/Dataset-2/arm-32_ImageMagick-7.0.10-27-O1_libMagickCore-7.Q16HDRI.so.7.0.0.i64,0x195be4,SetRandomKey,XA,-0.56847024
327,IDBs/Dataset-2/x86-64_sqlite-3.34.0-O2_libsqlite3.so.0.8.6.i64,0x21e60,sqlite3HashInsert,IDBs/Dataset-2/mips-32_sqlite-3.34.0-O2_libsqlite3.so.0.8.6.i64,0x24740,sqlite3HashInsert,XA,-0.009842138
328,IDBs/Dataset-2/x86-32_ImageMagick-7.0.10-27-O3_libMagickCore-7.Q16HDRI.so.7.0.0.i64,0x7c050,GetDelegateList,IDBs/Dataset-2/x86-64_ImageMagick-7.0.10-27-O3_libMagickCore-7.Q16HDRI.so.7.0.0.i64,0xaee80,GetDelegateList,XA,-0.014877052
329,IDBs/Dataset-2/mips-32_sqlite-3.34.0-O3_libsqlite3.so.0.8.6.i64,0x783b8,sqlite3ParseUri,IDBs/Dataset-2/x86-64_sqlite-3.34.0-O3_libsqlite3.so.0.8.6.i64,0x62f20,sqlite3ParseUri,XA,-0.051431134
330,IDBs/Dataset-2/x86-64_ImageMagick-7.0.10-27-O2_libMagickCore-7.Q16HDRI.so.7.0.0.i64,0x99a10,FrameImage._omp_fn.0,IDBs/Dataset-2/x86-32_ImageMagick-7.0.10-27-O2_libMagickCore-7.Q16HDRI.so.7.0.0.i64,0x6a860,FrameImage._omp_fn.0,XA,-0.0075302916
331,IDBs/Dataset-2/arm-32_sqlite-3.34.0-O3_libsqlite3.so.0.8.6.i64,0xb3bac,sqlite3RunParser,IDBs/Dataset-2/x86-32_sqlite-3.34.0-O3_libsqlite3.so.0.8.6.i64,0xacbb0,sqlite3RunParser,XA,-0.6360773
332,IDBs/Dataset-2/x86-32_coreutils-8.32-O0_getlimits.i64,0x138b,decimal_absval_add_one,IDBs/Dataset-2/mips-32_coreutils-8.32-O0_getlimits.i64,0x401900,decimal_absval_add_one,XA,-0.009153932
333,IDBs/Dataset-2/arm-32_ImageMagick-7.0.10-27-O1_libMagickCore-7.Q16HDRI.so.7.0.0.i64,0x26f9cc,ReadPCXImage,IDBs/Dataset-2/x86-64_ImageMagick-7.0.10-27-O1_libMagickCore-7.Q16HDRI.so.7.0.0.i64,0x28718e,ReadPCXImage,XA,-0.25700513
334,IDBs/Dataset-2/x86-32_gmp-6.2.0-O3_libgmp.so.10.4.0.i64,0x3fc50,__gmpn_toom33_mul,IDBs/Dataset-2/x86-64_gmp-6.2.0-O3_libgmp.so.10.4.0.i64,0x4b7d0,__gmpn_toom33_mul,XA,-0.3596394
335,IDBs/Dataset-2/mips-32_sqlite-3.34.0-O0_libsqlite3.so.0.8.6.i64,0x23eb4,sqlite3BitvecSet,IDBs/Dataset-2/arm-32_sqlite-3.34.0-O0_libsqlite3.so.0.8.6.i64,0x1e53c,sqlite3BitvecSet,XA,-0.05882613
336,IDBs/Dataset-2/mips-32_sqlite-3.34.0-O0_libsqlite3.so.0.8.6.i64,0xeae84,triggerSpanDup,IDBs/Dataset-2/arm-32_sqlite-3.34.0-O0_libsqlite3.so.0.8.6.i64,0xb1698,triggerSpanDup,XA,-0.050481014
337,IDBs/Dataset-2/x86-64_sqlite-3.34.0-O0_libsqlite3.so.0.8.6.i64,0x105a4,sqlite3_vfs_find,IDBs/Dataset-2/arm-32_sqlite-3.34.0-O0_libsqlite3.so.0.8.6.i64,0xbcec,sqlite3_vfs_find,XA,-0.004398397
338,IDBs/Dataset-2/x86-32_sqlite-3.34.0-O0_libsqlite3.so.0.8.6.i64,0xbbae,sqlite3Realloc,IDBs/Dataset-2/mips-32_sqlite-3.34.0-O0_libsqlite3.so.0.8.6.i64,0xe9f4,sqlite3Realloc,XA,-0.031349115
339,IDBs/Dataset-2/arm-32_sqlite-3.34.0-O1_libsqlite3.so.0.8.6.i64,0x25860,valueToText,IDBs/Dataset-2/mips-32_sqlite-3.34.0-O1_libsqlite3.so.0.8.6.i64,0x33b14,valueToText,XA,-0.022790236
340,IDBs/Dataset-2/x86-32_ImageMagick-7.0.10-27-O2_libMagickCore-7.Q16HDRI.so.7.0.0.i64,0xc1dc0,ConvertHSLToRGB,IDBs/Dataset-2/x86-64_ImageMagick-7.0.10-27-O2_libMagickCore-7.Q16HDRI.so.7.0.0.i64,0x10f110,ConvertHSLToRGB,XA,-0.059010994
341,IDBs/Dataset-2/x86-32_binutils-2.34-O2_objdump.i64,0x6ab30,PCMPESTR_Fixup,IDBs/Dataset-2/x86-64_binutils-2.34-O2_objdump.i64,0xa5810,PCMPESTR_Fixup,XA,-0.08937345
342,IDBs/Dataset-2/mips-32_ImageMagick-7.0.10-27-O3_libMagickCore-7.Q16HDRI.so.7.0.0.i64,0x2878a4,IsAVI,IDBs/Dataset-2/arm-32_ImageMagick-7.0.10-27-O3_libMagickCore-7.Q16HDRI.so.7.0.0.i64,0x29c4d8,IsAVI,XA,-0.035386406
343,IDBs/Dataset-2/arm-32_sqlite-3.34.0-O0_libsqlite3.so.0.8.6.i64,0xddf4,sqlite3DbRealloc,IDBs/Dataset-2/x86-32_sqlite-3.34.0-O0_libsqlite3.so.0.8.6.i64,0xc10b,sqlite3DbRealloc,XA,-0.07524708
344,IDBs/Dataset-2/x86-64_ImageMagick-7.0.10-27-O3_libMagickCore-7.Q16HDRI.so.7.0.0.i64,0xda6c0,DestroyDistributeCacheInfo,IDBs/Dataset-2/arm-32_ImageMagick-7.0.10-27-O3_libMagickCore-7.Q16HDRI.so.7.0.0.i64,0xa05c8,DestroyDistributeCacheInfo,XA,-0.018226549
345,IDBs/Dataset-2/x86-32_sqlite-3.34.0-O3_libsqlite3.so.0.8.6.i64,0x256d0,sqlite3_column_bytes16,IDBs/Dataset-2/x86-64_sqlite-3.34.0-O3_libsqlite3.so.0.8.6.i64,0x3f060,sqlite3_column_bytes16,XA,-0.048081715
346,IDBs/Dataset-2/arm-32_ImageMagick-7.0.10-27-O2_libMagickCore-7.Q16HDRI.so.7.0.0.i64,0x1c7438,StringToArrayOfDoubles,IDBs/Dataset-2/x86-32_ImageMagick-7.0.10-27-O2_libMagickCore-7.Q16HDRI.so.7.0.0.i64,0x18d5a0,StringToArrayOfDoubles,XA,-0.031606197
347,IDBs/Dataset-2/arm-32_ImageMagick-7.0.10-27-O2_libMagickCore-7.Q16HDRI.so.7.0.0.i64,0x107174,GetValueFromLinkedList,IDBs/Dataset-2/mips-32_ImageMagick-7.0.10-27-O2_libMagickCore-7.Q16HDRI.so.7.0.0.i64,0xf45b4,GetValueFromLinkedList,XA,-0.38203827
348,IDBs/Dataset-2/x86-32_sqlite-3.34.0-O3_libsqlite3.so.0.8.6.i64,0xbca30,sqlite3_get_table,IDBs/Dataset-2/mips-32_sqlite-3.34.0-O3_libsqlite3.so.0.8.6.i64,0xea8c8,sqlite3_get_table,XA,-0.034217585
349,IDBs/Dataset-2/mips-32_sqlite-3.34.0-O2_libsqlite3.so.0.8.6.i64,0x65cb8,dateFunc,IDBs/Dataset-2/x86-64_sqlite-3.34.0-O2_libsqlite3.so.0.8.6.i64,0x51c70,dateFunc,XA,-0.0044021048
350,IDBs/Dataset-2/mips-32_findutils-4.7.0-O0_find.i64,0x40bcd0,worst_cost,IDBs/Dataset-2/x86-32_findutils-4.7.0-O0_find.i64,0x83a6,worst_cost,XA,-0.103033386
351,IDBs/Dataset-2/x86-64_gmp-6.2.0-O1_libgmp.so.10.4.0.i64,0x2309d,__gmpq_aors,IDBs/Dataset-2/x86-32_gmp-6.2.0-O1_libgmp.so.10.4.0.i64,0x1ef24,__gmpq_aors,XA,-0.014857006
352,IDBs/Dataset-2/arm-32_sqlite-3.34.0-O3_libsqlite3.so.0.8.6.i64,0x5a064,triggerStepAllocate,IDBs/Dataset-2/x86-64_sqlite-3.34.0-O3_libsqlite3.so.0.8.6.i64,0x29fe0,triggerStepAllocate,XA,-0.114845864
353,IDBs/Dataset-2/arm-32_gmp-6.2.0-O2_libgmp.so.10.4.0.i64,0x50ff0,__gmpn_copyd,IDBs/Dataset-2/x86-32_gmp-6.2.0-O2_libgmp.so.10.4.0.i64,0x53300,__gmpn_copyd,XA,-2.032752
354,IDBs/Dataset-2/x86-32_binutils-2.34-O0_strings.i64,0x117fe,strings_a_section,IDBs/Dataset-2/arm-32_binutils-2.34-O0_strings.i64,0x122ec,strings_a_section,XA,-0.028086534
355,IDBs/Dataset-2/arm-32_ImageMagick-7.0.10-27-O2_libMagickCore-7.Q16HDRI.so.7.0.0.i64,0x1dec3c,AddNoiseImage._omp_fn.0,IDBs/Dataset-2/mips-32_ImageMagick-7.0.10-27-O2_libMagickCore-7.Q16HDRI.so.7.0.0.i64,0x1c6aa0,AddNoiseImage._omp_fn.0,XA,-0.46472615
356,IDBs/Dataset-2/x86-64_ImageMagick-7.0.10-27-O0_libMagickCore-7.Q16HDRI.so.7.0.0.i64,0x8e9ec,SetImageGray,IDBs/Dataset-2/mips-32_ImageMagick-7.0.10-27-O0_libMagickCore-7.Q16HDRI.so.7.0.0.i64,0x7501c,SetImageGray,XA,-1.1635908
357,IDBs/Dataset-2/x86-64_ImageMagick-7.0.10-27-O0_libMagickCore-7.Q16HDRI.so.7.0.0.i64,0x301284,EncodeImageAttributes,IDBs/Dataset-2/arm-32_ImageMagick-7.0.10-27-O0_libMagickCore-7.Q16HDRI.so.7.0.0.i64,0x32029c,EncodeImageAttributes,XA,-0.25679907
358,IDBs/Dataset-2/x86-32_ImageMagick-7.0.10-27-O3_libMagickCore-7.Q16HDRI.so.7.0.0.i64,0x1320a0,ResetImageProfileIterator,IDBs/Dataset-2/mips-32_ImageMagick-7.0.10-27-O3_libMagickCore-7.Q16HDRI.so.7.0.0.i64,0x1568e0,ResetImageProfileIterator,XA,-0.27919486
359,IDBs/Dataset-2/arm-32_ImageMagick-7.0.10-27-O2_libMagickCore-7.Q16HDRI.so.7.0.0.i64,0x4b5b0,SeparateImages,IDBs/Dataset-2/x86-32_ImageMagick-7.0.10-27-O2_libMagickCore-7.Q16HDRI.so.7.0.0.i64,0x47230,SeparateImages,XA,-0.02773834
360,IDBs/Dataset-2/x86-64_ImageMagick-7.0.10-27-O0_libMagickCore-7.Q16HDRI.so.7.0.0.i64,0x19dfd9,ScaleGeometryKernelInfo,IDBs/Dataset-2/arm-32_ImageMagick-7.0.10-27-O0_libMagickCore-7.Q16HDRI.so.7.0.0.i64,0x19fc98,ScaleGeometryKernelInfo,XA,-0.49336538
361,IDBs/Dataset-2/arm-32_gmp-6.2.0-O3_libgmp.so.10.4.0.i64,0xb424,__gmpf_sqrt,IDBs/Dataset-2/x86-64_gmp-6.2.0-O3_libgmp.so.10.4.0.i64,0xf350,__gmpf_sqrt,XA,-0.15455662
362,IDBs/Dataset-2/x86-64_sqlite-3.34.0-O3_libsqlite3.so.0.8.6.i64,0x4b520,whereApplyPartialIndexConstraints,IDBs/Dataset-2/mips-32_sqlite-3.34.0-O3_libsqlite3.so.0.8.6.i64,0x5c264,whereApplyPartialIndexConstraints,XA,-0.008078844
363,IDBs/Dataset-2/x86-32_ImageMagick-7.0.10-27-O2_libMagickCore-7.Q16HDRI.so.7.0.0.i64,0x1190e0,GetImageProfile,IDBs/Dataset-2/x86-64_ImageMagick-7.0.10-27-O2_libMagickCore-7.Q16HDRI.so.7.0.0.i64,0x166df0,GetImageProfile,XA,-0.00995309
364,IDBs/Dataset-2/x86-32_findutils-4.7.0-O0_find.i64,0xb7ee,process_debug_options,IDBs/Dataset-2/mips-32_findutils-4.7.0-O0_find.i64,0x410e50,process_debug_options,XA,-0.023838948
365,IDBs/Dataset-2/mips-32_coreutils-8.32-O3_fmt.i64,0x401bd0,fmt_paragraph,IDBs/Dataset-2/x86-64_coreutils-8.32-O3_fmt.i64,0x1e40,fmt_paragraph,XA,-0.057778675
366,IDBs/Dataset-2/arm-32_ImageMagick-7.0.10-27-O1_libMagickCore-7.Q16HDRI.so.7.0.0.i64,0x1ed2b4,WaveletDenoiseImage._omp_fn.13,IDBs/Dataset-2/x86-32_ImageMagick-7.0.10-27-O1_libMagickCore-7.Q16HDRI.so.7.0.0.i64,0x19dad1,WaveletDenoiseImage._omp_fn.13,XA,-0.04215509
367,IDBs/Dataset-2/mips-32_ImageMagick-7.0.10-27-O1_libMagickCore-7.Q16HDRI.so.7.0.0.i64,0x56e54,QueryColorname,IDBs/Dataset-2/x86-64_ImageMagick-7.0.10-27-O1_libMagickCore-7.Q16HDRI.so.7.0.0.i64,0x7ac35,QueryColorname,XA,-0.081581585
368,IDBs/Dataset-2/x86-64_sqlite-3.34.0-O2_libsqlite3.so.0.8.6.i64,0x37d90,sqlite3ExprDeleteNN,IDBs/Dataset-2/x86-32_sqlite-3.34.0-O2_libsqlite3.so.0.8.6.i64,0x332e0,sqlite3ExprDeleteNN,XA,-2.9148434e-05
369,IDBs/Dataset-2/x86-32_binutils-2.34-O3_readelf.i64,0x42540,process_section_headers,IDBs/Dataset-2/x86-64_binutils-2.34-O3_readelf.i64,0x41790,process_section_headers,XA,-0.27916312
370,IDBs/Dataset-2/x86-32_putty-0.74-O2_plink.i64,0x730b0,putty_signal,IDBs/Dataset-2/arm-32_putty-0.74-O2_plink.i64,0x792f4,putty_signal,XA,-0.2683562
371,IDBs/Dataset-2/arm-32_gmp-6.2.0-O3_libgmp.so.10.4.0.i64,0xdc2c,__gmpf_set_q,IDBs/Dataset-2/x86-64_gmp-6.2.0-O3_libgmp.so.10.4.0.i64,0x12740,__gmpf_set_q,XA,-0.06627301
372,IDBs/Dataset-2/arm-32_sqlite-3.34.0-O3_libsqlite3.so.0.8.6.i64,0x34b14,sqlite3ValueFree,IDBs/Dataset-2/mips-32_sqlite-3.34.0-O3_libsqlite3.so.0.8.6.i64,0x40870,sqlite3ValueFree,XA,-0.42523327
373,IDBs/Dataset-2/mips-32_ImageMagick-7.0.10-27-O0_libMagickCore-7.Q16HDRI.so.7.0.0.i64,0xecbd8,GaussianBlurImage,IDBs/Dataset-2/arm-32_ImageMagick-7.0.10-27-O0_libMagickCore-7.Q16HDRI.so.7.0.0.i64,0xf1eb0,GaussianBlurImage,XA,-1.2356868
374,IDBs/Dataset-2/mips-32_gmp-6.2.0-O2_libgmp.so.10.4.0.i64,0x42860,abs_sub_n,IDBs/Dataset-2/x86-32_gmp-6.2.0-O2_libgmp.so.10.4.0.i64,0x35790,abs_sub_n,XA,-0.028725605
375,IDBs/Dataset-2/x86-32_coreutils-8.32-O1_stat.i64,0x1bbf,print_statfs,IDBs/Dataset-2/mips-32_coreutils-8.32-O1_stat.i64,0x402448,print_statfs,XA,-0.36943534
376,IDBs/Dataset-2/arm-32_sqlite-3.34.0-O0_libsqlite3.so.0.8.6.i64,0x384f0,relocatePage,IDBs/Dataset-2/x86-32_sqlite-3.34.0-O0_libsqlite3.so.0.8.6.i64,0x2c7ea,relocatePage,XA,-0.08353202
377,IDBs/Dataset-2/x86-64_ImageMagick-7.0.10-27-O1_libMagickCore-7.Q16HDRI.so.7.0.0.i64,0x5da80,IdentifyImageType,IDBs/Dataset-2/mips-32_ImageMagick-7.0.10-27-O1_libMagickCore-7.Q16HDRI.so.7.0.0.i64,0x2e3e0,IdentifyImageType,XA,-0.87511533
378,IDBs/Dataset-2/x86-32_ImageMagick-7.0.10-27-O3_libMagickCore-7.Q16HDRI.so.7.0.0.i64,0x1be1e0,ExcerptImage._omp_fn.3,IDBs/Dataset-2/mips-32_ImageMagick-7.0.10-27-O3_libMagickCore-7.Q16HDRI.so.7.0.0.i64,0x1eaca8,ExcerptImage._omp_fn.3,XA,-0.019043913
379,IDBs/Dataset-2/arm-32_ImageMagick-7.0.10-27-O1_libMagickCore-7.Q16HDRI.so.7.0.0.i64,0x1cf30c,FileToString,IDBs/Dataset-2/mips-32_ImageMagick-7.0.10-27-O1_libMagickCore-7.Q16HDRI.so.7.0.0.i64,0x1d3e64,FileToString,XA,-1.4795918
380,IDBs/Dataset-2/mips-32_putty-0.74-O2_psftp.i64,0x4217bc,sftp_cmd_lcd,IDBs/Dataset-2/x86-64_putty-0.74-O2_psftp.i64,0x1d640,sftp_cmd_lcd,XA,-0.0061299857
381,IDBs/Dataset-2/mips-32_gmp-6.2.0-O0_libgmp.so.10.4.0.i64,0x6a170,__gmpn_tdiv_qr,IDBs/Dataset-2/arm-32_gmp-6.2.0-O0_libgmp.so.10.4.0.i64,0x4fb50,__gmpn_tdiv_qr,XA,-0.324813
382,IDBs/Dataset-2/mips-32_diffutils-3.7-O0_diff.i64,0x407dc0,option_list,IDBs/Dataset-2/x86-32_diffutils-3.7-O0_diff.i64,0x5221,option_list,XA,-0.006938031
383,IDBs/Dataset-2/x86-32_ImageMagick-7.0.10-27-O1_libMagickCore-7.Q16HDRI.so.7.0.0.i64,0x166ed7,Classify._omp_fn.0,IDBs/Dataset-2/arm-32_ImageMagick-7.0.10-27-O1_libMagickCore-7.Q16HDRI.so.7.0.0.i64,0x1ad46c,Classify._omp_fn.0,XA,-0.9321101
384,IDBs/Dataset-2/arm-32_ImageMagick-7.0.10-27-O3_libMagickCore-7.Q16HDRI.so.7.0.0.i64,0x111de0,CatchImageException,IDBs/Dataset-2/x86-32_ImageMagick-7.0.10-27-O3_libMagickCore-7.Q16HDRI.so.7.0.0.i64,0xe0c90,CatchImageException,XA,-0.01733203
385,IDBs/Dataset-2/mips-32_sqlite-3.34.0-O0_libsqlite3.so.0.8.6.i64,0x81928,sqlite3VdbeSorterReset,IDBs/Dataset-2/arm-32_sqlite-3.34.0-O0_libsqlite3.so.0.8.6.i64,0x64198,sqlite3VdbeSorterReset,XA,-0.0180941
386,IDBs/Dataset-2/x86-64_ImageMagick-7.0.10-27-O2_libMagickCore-7.Q16HDRI.so.7.0.0.i64,0x73f30,ChannelImage,IDBs/Dataset-2/x86-32_ImageMagick-7.0.10-27-O2_libMagickCore-7.Q16HDRI.so.7.0.0.i64,0x450b0,ChannelImage,XA,-0.026263624
387,IDBs/Dataset-2/mips-32_sqlite-3.34.0-O2_libsqlite3.so.0.8.6.i64,0x692d4,pager_write_pagelist,IDBs/Dataset-2/x86-64_sqlite-3.34.0-O2_libsqlite3.so.0.8.6.i64,0x54400,pager_write_pagelist,XA,-0.06768456
388,IDBs/Dataset-2/x86-32_ImageMagick-7.0.10-27-O1_libMagickCore-7.Q16HDRI.so.7.0.0.i64,0x457c2,AcquireAESInfo,IDBs/Dataset-2/mips-32_ImageMagick-7.0.10-27-O1_libMagickCore-7.Q16HDRI.so.7.0.0.i64,0x4f6dc,AcquireAESInfo,XA,-0.06761637
389,IDBs/Dataset-2/x86-64_coreutils-8.32-O2_stat.i64,0x4990,default_format,IDBs/Dataset-2/x86-32_coreutils-8.32-O2_stat.i64,0x3e90,default_format,XA,-0.050484687
390,IDBs/Dataset-2/mips-32_ImageMagick-7.0.10-27-O2_libMagickCore-7.Q16HDRI.so.7.0.0.i64,0xadde8,UnsharpMaskImage,IDBs/Dataset-2/arm-32_ImageMagick-7.0.10-27-O2_libMagickCore-7.Q16HDRI.so.7.0.0.i64,0xba5e4,UnsharpMaskImage,XA,-0.6404887
391,IDBs/Dataset-2/x86-32_sqlite-3.34.0-O2_libsqlite3.so.0.8.6.i64,0xee90,rowSetNDeepTree,IDBs/Dataset-2/mips-32_sqlite-3.34.0-O2_libsqlite3.so.0.8.6.i64,0x11630,rowSetNDeepTree,XA,-0.030109975
392,IDBs/Dataset-2/x86-32_ImageMagick-7.0.10-27-O2_libMagickCore-7.Q16HDRI.so.7.0.0.i64,0x6fd30,GetDelegateCommands,IDBs/Dataset-2/mips-32_ImageMagick-7.0.10-27-O2_libMagickCore-7.Q16HDRI.so.7.0.0.i64,0x7b0bc,GetDelegateCommands,XA,-0.26806274
393,IDBs/Dataset-2/mips-32_coreutils-8.32-O0_ln.i64,0x402958,do_link,IDBs/Dataset-2/arm-32_coreutils-8.32-O0_ln.i64,0x11d1c,do_link,XA,-0.08941236
394,IDBs/Dataset-2/x86-32_ImageMagick-7.0.10-27-O0_libMagickCore-7.Q16HDRI.so.7.0.0.i64,0x1116b8,RelinquishAlignedMemory,IDBs/Dataset-2/arm-32_ImageMagick-7.0.10-27-O0_libMagickCore-7.Q16HDRI.so.7.0.0.i64,0x18ccf0,RelinquishAlignedMemory,XA,-0.02114493
395,IDBs/Dataset-2/x86-64_coreutils-8.32-O1_du.i64,0x93fb,ino_map_insert,IDBs/Dataset-2/x86-32_coreutils-8.32-O1_du.i64,0x8e8f,ino_map_insert,XA,-0.008499912
396,IDBs/Dataset-2/mips-32_ImageMagick-7.0.10-27-O0_libMagickCore-7.Q16HDRI.so.7.0.0.i64,0x181174,MatrixToImage._omp_fn.0,IDBs/Dataset-2/x86-32_ImageMagick-7.0.10-27-O0_libMagickCore-7.Q16HDRI.so.7.0.0.i64,0x110aba,MatrixToImage._omp_fn.0,XA,-0.8226209
397,IDBs/Dataset-2/mips-32_ImageMagick-7.0.10-27-O0_libMagickCore-7.Q16HDRI.so.7.0.0.i64,0x3efec4,AffineToTransform,IDBs/Dataset-2/arm-32_ImageMagick-7.0.10-27-O0_libMagickCore-7.Q16HDRI.so.7.0.0.i64,0x3d1f50,AffineToTransform,XA,-3.9809353
398,IDBs/Dataset-2/arm-32_sqlite-3.34.0-O2_libsqlite3.so.0.8.6.i64,0x341d4,pagerOpenWal,IDBs/Dataset-2/x86-64_sqlite-3.34.0-O2_libsqlite3.so.0.8.6.i64,0x22150,pagerOpenWal,XA,-0.35964203
399,IDBs/Dataset-2/arm-32_ImageMagick-7.0.10-27-O1_libMagickCore-7.Q16HDRI.so.7.0.0.i64,0x93e20,DrawRoundLinecap,IDBs/Dataset-2/x86-64_ImageMagick-7.0.10-27-O1_libMagickCore-7.Q16HDRI.so.7.0.0.i64,0xc722e,DrawRoundLinecap,XA,-0.5380443
400,IDBs/Dataset-2/x86-32_ImageMagick-7.0.10-27-O3_libMagickCore-7.Q16HDRI.so.7.0.0.i64,0xe5140,SmushImages,IDBs/Dataset-2/mips-32_ImageMagick-7.0.10-27-O3_libMagickCore-7.Q16HDRI.so.7.0.0.i64,0xffc5c,SmushImages,XA,-0.84765
401,IDBs/Dataset-2/x86-64_ImageMagick-7.0.10-27-O3_libMagickCore-7.Q16HDRI.so.7.0.0.i64,0x2fbca0,ReadPDFImage,IDBs/Dataset-2/mips-32_ImageMagick-7.0.10-27-O2_libMagickCore-7.Q16HDRI.so.7.0.0.i64,0x25cb10,ReadPDFImage,XA+XO,-1.2027794
402,IDBs/Dataset-2/mips-32_libmicrohttpd-0.9.71-O1_libmicrohttpd.a.i64,0x28f0,MHD_connection_epoll_update_,IDBs/Dataset-2/arm-32_libmicrohttpd-0.9.71-O3_libmicrohttpd.a.i64,0x228c,MHD_connection_epoll_update_,XA+XO,-0.03541111
403,IDBs/Dataset-2/x86-32_gmp-6.2.0-O0_libgmp.so.10.4.0.i64,0xd6cb,__gmpf_sub,IDBs/Dataset-2/x86-32_gmp-6.2.0-O2_libgmp.so.10.4.0.i64,0xc6f0,__gmpf_sub,XA+XO,-0.047288395
404,IDBs/Dataset-2/mips-32_gmp-6.2.0-O0_libgmp.so.10.4.0.i64,0xd400,__gmpf_random2,IDBs/Dataset-2/arm-32_gmp-6.2.0-O2_libgmp.so.10.4.0.i64,0xb564,__gmpf_random2,XA+XO,-0.6116607
405,IDBs/Dataset-2/x86-64_ImageMagick-7.0.10-27-O2_libMagickCore-7.Q16HDRI.so.7.0.0.i64,0x6ad90,WriteBlobSignedLong,IDBs/Dataset-2/x86-64_ImageMagick-7.0.10-27-O0_libMagickCore-7.Q16HDRI.so.7.0.0.i64,0x6e464,WriteBlobSignedLong,XA+XO,-0.5536343
406,IDBs/Dataset-2/arm-32_ImageMagick-7.0.10-27-O0_libMagickCore-7.Q16HDRI.so.7.0.0.i64,0x2753e8,ClampImage._omp_fn.3,IDBs/Dataset-2/mips-32_ImageMagick-7.0.10-27-O0_libMagickCore-7.Q16HDRI.so.7.0.0.i64,0x285cb8,ClampImage._omp_fn.3,XA+XO,-0.10206908
407,IDBs/Dataset-2/mips-32_ImageMagick-7.0.10-27-O0_libMagickCore-7.Q16HDRI.so.7.0.0.i64,0x3bfa04,ParseAdditionalInfo,IDBs/Dataset-2/x86-64_ImageMagick-7.0.10-27-O0_libMagickCore-7.Q16HDRI.so.7.0.0.i64,0x36874d,ParseAdditionalInfo,XA+XO,-0.16982014
408,IDBs/Dataset-2/mips-32_ImageMagick-7.0.10-27-O3_libMagickCore-7.Q16HDRI.so.7.0.0.i64,0x33114,GetImageConvexHull,IDBs/Dataset-2/arm-32_ImageMagick-7.0.10-27-O2_libMagickCore-7.Q16HDRI.so.7.0.0.i64,0x30a2c,GetImageConvexHull,XA+XO,-0.07903248
409,IDBs/Dataset-2/x86-32_sqlite-3.34.0-O2_libsqlite3.so.0.8.6.i64,0x9781,sqlite3WindowCodeStep.isra.564,IDBs/Dataset-2/x86-32_sqlite-3.34.0-O3_libsqlite3.so.0.8.6.i64,0x9f95,sqlite3WindowCodeStep.isra.564,XA+XO,-0.002210137
410,IDBs/Dataset-2/mips-32_binutils-2.34-O2_objdump.i64,0x441430,pr_lineno,IDBs/Dataset-2/x86-64_binutils-2.34-O2_objdump.i64,0x89660,pr_lineno,XA+XO,-0.03979056
411,IDBs/Dataset-2/x86-64_ImageMagick-7.0.10-27-O0_libMagickCore-7.Q16HDRI.so.7.0.0.i64,0x277416,XMenuWidget,IDBs/Dataset-2/x86-64_ImageMagick-7.0.10-27-O3_libMagickCore-7.Q16HDRI.so.7.0.0.i64,0x25a160,XMenuWidget,XA+XO,-0.06363931
412,IDBs/Dataset-2/x86-32_ImageMagick-7.0.10-27-O1_libMagickCore-7.Q16HDRI.so.7.0.0.i64,0x195feb,RangeThresholdImage,IDBs/Dataset-2/x86-64_ImageMagick-7.0.10-27-O3_libMagickCore-7.Q16HDRI.so.7.0.0.i64,0x239bd0,RangeThresholdImage,XA+XO,-0.01817505
413,IDBs/Dataset-2/x86-32_putty-0.74-O3_puttygen.i64,0x9ac0,BinarySource_get_ber.isra.1,IDBs/Dataset-2/arm-32_putty-0.74-O2_puttygen.i64,0x171bc,BinarySource_get_ber.isra.1,XA+XO,-0.0190711
414,IDBs/Dataset-2/x86-64_sqlite-3.34.0-O2_libsqlite3.so.0.8.6.i64,0x5da10,sqlite3VdbeFinishMoveto,IDBs/Dataset-2/arm-32_sqlite-3.34.0-O1_libsqlite3.so.0.8.6.i64,0x52c48,sqlite3VdbeFinishMoveto,XA+XO,-0.02551015
415,IDBs/Dataset-2/x86-64_ImageMagick-7.0.10-27-O0_libMagickCore-7.Q16HDRI.so.7.0.0.i64,0x29ef03,GetLocaleMonitorMessage,IDBs/Dataset-2/x86-64_ImageMagick-7.0.10-27-O1_libMagickCore-7.Q16HDRI.so.7.0.0.i64,0x21281b,GetLocaleMonitorMessage,XA+XO,-0.056924246
416,IDBs/Dataset-2/x86-64_ImageMagick-7.0.10-27-O0_libMagickCore-7.Q16HDRI.so.7.0.0.i64,0x1dc409,SetQuantumMinIsWhite,IDBs/Dataset-2/x86-64_ImageMagick-7.0.10-27-O2_libMagickCore-7.Q16HDRI.so.7.0.0.i64,0x172ce0,SetQuantumMinIsWhite,XA+XO,-0.0060383757
417,IDBs/Dataset-2/x86-32_binutils-2.34-O3_objdump.i64,0x582c0,pr_typdef,IDBs/Dataset-2/x86-64_binutils-2.34-O0_objdump.i64,0x97f97,pr_typdef,XA+XO,-4.744124
418,IDBs/Dataset-2/arm-32_gmp-6.2.0-O1_libgmp.so.10.4.0.i64,0x278e0,mpn_fft_fftinv,IDBs/Dataset-2/x86-64_gmp-6.2.0-O1_libgmp.so.10.4.0.i64,0x2adb5,mpn_fft_fftinv,XA+XO,-0.0112227015
419,IDBs/Dataset-2/mips-32_coreutils-8.32-O3_fmt.i64,0x402430,put_line,IDBs/Dataset-2/x86-32_coreutils-8.32-O1_fmt.i64,0x169a,put_line,XA+XO,-0.5017975
420,IDBs/Dataset-2/arm-32_ImageMagick-7.0.10-27-O0_libMagickCore-7.Q16HDRI.so.7.0.0.i64,0x16d218,SetImageMask,IDBs/Dataset-2/arm-32_ImageMagick-7.0.10-27-O3_libMagickCore-7.Q16HDRI.so.7.0.0.i64,0x115b5c,SetImageMask,XA+XO,-0.025928743
421,IDBs/Dataset-2/mips-32_ImageMagick-7.0.10-27-O0_libMagickCore-7.Q16HDRI.so.7.0.0.i64,0x275f90,RollImage,IDBs/Dataset-2/x86-64_ImageMagick-7.0.10-27-O2_libMagickCore-7.Q16HDRI.so.7.0.0.i64,0x1d73c0,RollImage,XA+XO,-2.9033287
422,IDBs/Dataset-2/x86-64_ImageMagick-7.0.10-27-O0_libMagickCore-7.Q16HDRI.so.7.0.0.i64,0x1c4469,TraceSVGClippath,IDBs/Dataset-2/x86-32_ImageMagick-7.0.10-27-O0_libMagickCore-7.Q16HDRI.so.7.0.0.i64,0x140c33,TraceSVGClippath,XA+XO,-0.56894904
423,IDBs/Dataset-2/x86-64_ImageMagick-7.0.10-27-O1_libMagickCore-7.Q16HDRI.so.7.0.0.i64,0x118e1a,AppendImages._omp_fn.0,IDBs/Dataset-2/arm-32_ImageMagick-7.0.10-27-O0_libMagickCore-7.Q16HDRI.so.7.0.0.i64,0x170028,AppendImages._omp_fn.0,XA+XO,-0.022592198
424,IDBs/Dataset-2/mips-32_gmp-6.2.0-O2_libgmp.so.10.4.0.i64,0x14100,__gmpz_clrbit,IDBs/Dataset-2/mips-32_gmp-6.2.0-O3_libgmp.so.10.4.0.i64,0x14970,__gmpz_clrbit,XA+XO,-0.2522904
425,IDBs/Dataset-2/x86-64_sqlite-3.34.0-O0_libsqlite3.so.0.8.6.i64,0x78a76,tableMayNotBeDropped,IDBs/Dataset-2/arm-32_sqlite-3.34.0-O0_libsqlite3.so.0.8.6.i64,0x86ba4,tableMayNotBeDropped,XA+XO,-0.009685521
426,IDBs/Dataset-2/arm-32_binutils-2.34-O0_objdump.i64,0x15d54,jump_info_max_address,IDBs/Dataset-2/mips-32_binutils-2.34-O1_objdump.i64,0x408774,jump_info_max_address,XA+XO,-0.18562186
427,IDBs/Dataset-2/arm-32_ImageMagick-7.0.10-27-O2_libMagickCore-7.Q16HDRI.so.7.0.0.i64,0x7e768,GetDelegateCommands,IDBs/Dataset-2/x86-32_ImageMagick-7.0.10-27-O2_libMagickCore-7.Q16HDRI.so.7.0.0.i64,0x6fd30,GetDelegateCommands,XA+XO,-0.14595973
428,IDBs/Dataset-2/x86-64_ImageMagick-7.0.10-27-O2_libMagickCore-7.Q16HDRI.so.7.0.0.i64,0x167210,ProfileImage,IDBs/Dataset-2/arm-32_ImageMagick-7.0.10-27-O2_libMagickCore-7.Q16HDRI.so.7.0.0.i64,0x14f0b8,ProfileImage,XA+XO,-0.06566013
429,IDBs/Dataset-2/x86-32_findutils-4.7.0-O0_find.i64,0xb292,fallback_stat,IDBs/Dataset-2/arm-32_findutils-4.7.0-O1_find.i64,0x17b14,fallback_stat,XA+XO,-0.042345613
430,IDBs/Dataset-2/x86-32_gmp-6.2.0-O1_libgmp.so.10.4.0.i64,0x1823b,__gmpz_lucnum_ui,IDBs/Dataset-2/x86-64_gmp-6.2.0-O3_libgmp.so.10.4.0.i64,0x20560,__gmpz_lucnum_ui,XA+XO,-0.015601313
431,IDBs/Dataset-2/x86-64_putty-0.74-O2_pscp.i64,0x1cf30,response,IDBs/Dataset-2/arm-32_putty-0.74-O3_pscp.i64,0x2d590,response,XA+XO,-1.8478389
432,IDBs/Dataset-2/mips-32_sqlite-3.34.0-O0_libsqlite3.so.0.8.6.i64,0x11f3a4,analyzeOverKeyword,IDBs/Dataset-2/x86-32_sqlite-3.34.0-O0_libsqlite3.so.0.8.6.i64,0xb446a,analyzeOverKeyword,XA+XO,-0.032184742
433,IDBs/Dataset-2/x86-64_ImageMagick-7.0.10-27-O0_libMagickCore-7.Q16HDRI.so.7.0.0.i64,0x1d88a4,SetGrayscaleImage,IDBs/Dataset-2/arm-32_ImageMagick-7.0.10-27-O0_libMagickCore-7.Q16HDRI.so.7.0.0.i64,0x1ef0ac,SetGrayscaleImage,XA+XO,-0.038214058
434,IDBs/Dataset-2/arm-32_sqlite-3.34.0-O0_libsqlite3.so.0.8.6.i64,0x70900,sqlite3ExprSimplifiedAndOr,IDBs/Dataset-2/arm-32_sqlite-3.34.0-O1_libsqlite3.so.0.8.6.i64,0xbb70,sqlite3ExprSimplifiedAndOr,XA+XO,-1.3205445
435,IDBs/Dataset-2/mips-32_coreutils-8.32-O0_b2sum.i64,0x412f3c,blake2b_final,IDBs/Dataset-2/mips-32_coreutils-8.32-O3_b2sum.i64,0x40d25c,blake2b_final,XA+XO,-2.1438775
436,IDBs/Dataset-2/x86-64_sqlite-3.34.0-O0_libsqlite3.so.0.8.6.i64,0xcc184,sqlite3InvokeBusyHandler,IDBs/Dataset-2/x86-32_sqlite-3.34.0-O0_libsqlite3.so.0.8.6.i64,0xb7372,sqlite3InvokeBusyHandler,XA+XO,-0.0014937961
437,IDBs/Dataset-2/x86-64_binutils-2.34-O0_readelf.i64,0x16d2a,get_aarch64_dynamic_type,IDBs/Dataset-2/mips-32_binutils-2.34-O0_readelf.i64,0x418258,get_aarch64_dynamic_type,XA+XO,-0.04314484
438,IDBs/Dataset-2/arm-32_binutils-2.34-O1_objdump.i64,0x4eeec,print_arm_address,IDBs/Dataset-2/arm-32_binutils-2.34-O2_objdump.i64,0x4ff44,print_arm_address,XA+XO,-0.062746
439,IDBs/Dataset-2/arm-32_binutils-2.34-O3_readelf.i64,0x20a30,display_generic_attribute,IDBs/Dataset-2/mips-32_binutils-2.34-O3_readelf.i64,0x41f944,display_generic_attribute,XA+XO,-1.6923878
440,IDBs/Dataset-2/x86-32_diffutils-3.7-O3_diff.i64,0x7bf0,compare_names_for_qsort,IDBs/Dataset-2/mips-32_diffutils-3.7-O1_diff.i64,0x409314,compare_names_for_qsort,XA+XO,-0.48958462
441,IDBs/Dataset-2/x86-64_ImageMagick-7.0.10-27-O2_libMagickCore-7.Q16HDRI.so.7.0.0.i64,0x69fa0,InjectImageBlob,IDBs/Dataset-2/x86-32_ImageMagick-7.0.10-27-O2_libMagickCore-7.Q16HDRI.so.7.0.0.i64,0x3a080,InjectImageBlob,XA+XO,-0.02633765
442,IDBs/Dataset-2/x86-32_coreutils-8.32-O0_ptx.i64,0x22f8,digest_break_file,IDBs/Dataset-2/arm-32_coreutils-8.32-O0_ptx.i64,0x1254c,digest_break_file,XA+XO,-0.06731418
443,IDBs/Dataset-2/arm-32_ImageMagick-7.0.10-27-O2_libMagickCore-7.Q16HDRI.so.7.0.0.i64,0x2de6c,SetImageDepth._omp_fn.4,IDBs/Dataset-2/arm-32_ImageMagick-7.0.10-27-O3_libMagickCore-7.Q16HDRI.so.7.0.0.i64,0x30554,SetImageDepth._omp_fn.4,XA+XO,-0.0003224588
444,IDBs/Dataset-2/arm-32_sqlite-3.34.0-O1_libsqlite3.so.0.8.6.i64,0x32b34,sqlite3MemCompare,IDBs/Dataset-2/x86-64_sqlite-3.34.0-O1_libsqlite3.so.0.8.6.i64,0x31e55,sqlite3MemCompare,XA+XO,-0.28124154
445,IDBs/Dataset-2/arm-32_ImageMagick-7.0.10-27-O2_libMagickCore-7.Q16HDRI.so.7.0.0.i64,0x6fb0c,Ascii85Flush,IDBs/Dataset-2/x86-32_ImageMagick-7.0.10-27-O3_libMagickCore-7.Q16HDRI.so.7.0.0.i64,0x6bc60,Ascii85Flush,XA+XO,-0.042195484
446,IDBs/Dataset-2/x86-32_ImageMagick-7.0.10-27-O2_libMagickCore-7.Q16HDRI.so.7.0.0.i64,0xbefe0,FxGetSymbol,IDBs/Dataset-2/x86-64_ImageMagick-7.0.10-27-O3_libMagickCore-7.Q16HDRI.so.7.0.0.i64,0x123920,FxGetSymbol,XA+XO,-0.39534187
447,IDBs/Dataset-2/mips-32_ImageMagick-7.0.10-27-O0_libMagickCore-7.Q16HDRI.so.7.0.0.i64,0x6757c,ScaleQuantumToChar,IDBs/Dataset-2/arm-32_ImageMagick-7.0.10-27-O0_libMagickCore-7.Q16HDRI.so.7.0.0.i64,0x5e684,ScaleQuantumToChar,XA+XO,-8.266891
448,IDBs/Dataset-2/x86-32_ImageMagick-7.0.10-27-O0_libMagickCore-7.Q16HDRI.so.7.0.0.i64,0x7e2f2,IsGrayColorspace_4,IDBs/Dataset-2/mips-32_ImageMagick-7.0.10-27-O0_libMagickCore-7.Q16HDRI.so.7.0.0.i64,0xae604,IsGrayColorspace_4,XA+XO,-0.018326065
449,IDBs/Dataset-2/mips-32_sqlite-3.34.0-O0_libsqlite3.so.0.8.6.i64,0x8b604,windowRemoveExprFromSelect,IDBs/Dataset-2/x86-64_sqlite-3.34.0-O0_libsqlite3.so.0.8.6.i64,0x6013a,windowRemoveExprFromSelect,XA+XO,-0.06448335
450,IDBs/Dataset-2/mips-32_ImageMagick-7.0.10-27-O0_libMagickCore-7.Q16HDRI.so.7.0.0.i64,0x27da64,KapurThreshold,IDBs/Dataset-2/x86-32_ImageMagick-7.0.10-27-O0_libMagickCore-7.Q16HDRI.so.7.0.0.i64,0x1b0c3b,KapurThreshold,XA+XO,-0.051168233
451,IDBs/Dataset-2/arm-32_ImageMagick-7.0.10-27-O0_libMagickCore-7.Q16HDRI.so.7.0.0.i64,0x2206b8,BesselOrderOne,IDBs/Dataset-2/x86-32_ImageMagick-7.0.10-27-O0_libMagickCore-7.Q16HDRI.so.7.0.0.i64,0x1781d6,BesselOrderOne,XA+XO,-1.713697
452,IDBs/Dataset-2/x86-32_ImageMagick-7.0.10-27-O0_libMagickCore-7.Q16HDRI.so.7.0.0.i64,0x2e0043,ScaleQuantumToChar_40,IDBs/Dataset-2/arm-32_ImageMagick-7.0.10-27-O0_libMagickCore-7.Q16HDRI.so.7.0.0.i64,0x40c02c,ScaleQuantumToChar_40,XA+XO,-7.972682
453,IDBs/Dataset-2/mips-32_ImageMagick-7.0.10-27-O0_libMagickCore-7.Q16HDRI.so.7.0.0.i64,0xcb004,StopInfoCompare,IDBs/Dataset-2/mips-32_ImageMagick-7.0.10-27-O1_libMagickCore-7.Q16HDRI.so.7.0.0.i64,0x923fc,StopInfoCompare,XA+XO,-0.011429404
454,IDBs/Dataset-2/x86-64_ImageMagick-7.0.10-27-O0_libMagickCore-7.Q16HDRI.so.7.0.0.i64,0xcf9d0,XMatteEditImage,IDBs/Dataset-2/x86-64_ImageMagick-7.0.10-27-O3_libMagickCore-7.Q16HDRI.so.7.0.0.i64,0xc78a0,XMatteEditImage,XA+XO,-0.0053974725
455,IDBs/Dataset-2/x86-32_coreutils-8.32-O0_stty.i64,0x3e45,set_speed,IDBs/Dataset-2/arm-32_coreutils-8.32-O0_stty.i64,0x13d2c,set_speed,XA+XO,-0.008132589
456,IDBs/Dataset-2/x86-64_coreutils-8.32-O0_cut.i64,0x26c8,cut_file,IDBs/Dataset-2/mips-32_coreutils-8.32-O3_cut.i64,0x401cc0,cut_file,XA+XO,-1.6953827
457,IDBs/Dataset-2/mips-32_ImageMagick-7.0.10-27-O3_libMagickCore-7.Q16HDRI.so.7.0.0.i64,0x1b7210,ConsolidateCrossings,IDBs/Dataset-2/x86-64_ImageMagick-7.0.10-27-O0_libMagickCore-7.Q16HDRI.so.7.0.0.i64,0x20f5ed,ConsolidateCrossings,XA+XO,-0.06749626
458,IDBs/Dataset-2/mips-32_ImageMagick-7.0.10-27-O2_libMagickCore-7.Q16HDRI.so.7.0.0.i64,0x1969d0,TransformSignature,IDBs/Dataset-2/mips-32_ImageMagick-7.0.10-27-O0_libMagickCore-7.Q16HDRI.so.7.0.0.i64,0x24934c,TransformSignature,XA+XO,-0.023339145
459,IDBs/Dataset-2/mips-32_findutils-4.7.0-O0_find.i64,0x416c54,get_noop,IDBs/Dataset-2/arm-32_findutils-4.7.0-O0_find.i64,0x20614,get_noop,XA+XO,-0.07352111
460,IDBs/Dataset-2/mips-32_coreutils-8.32-O2_ptx.i64,0x404a80,compare_words,IDBs/Dataset-2/arm-32_coreutils-8.32-O2_ptx.i64,0x13b94,compare_words,XA+XO,-0.12716836
461,IDBs/Dataset-2/x86-64_binutils-2.34-O3_objdump.i64,0x8d510,append_type.isra.17,IDBs/Dataset-2/mips-32_binutils-2.34-O3_objdump.i64,0x448db0,append_type.isra.17,XA+XO,-0.033120297
462,IDBs/Dataset-2/mips-32_ImageMagick-7.0.10-27-O0_libMagickCore-7.Q16HDRI.so.7.0.0.i64,0x2120fc,ImportIndexAlphaQuantum,IDBs/Dataset-2/arm-32_ImageMagick-7.0.10-27-O1_libMagickCore-7.Q16HDRI.so.7.0.0.i64,0x189098,ImportIndexAlphaQuantum,XA+XO,-0.6502376
463,IDBs/Dataset-2/mips-32_ImageMagick-7.0.10-27-O1_libMagickCore-7.Q16HDRI.so.7.0.0.i64,0x5be98,TransformsRGBImage._omp_fn.3,IDBs/Dataset-2/x86-64_ImageMagick-7.0.10-27-O2_libMagickCore-7.Q16HDRI.so.7.0.0.i64,0x810a0,TransformsRGBImage._omp_fn.3,XA+XO,-0.059074182
464,IDBs/Dataset-2/x86-64_sqlite-3.34.0-O2_libsqlite3.so.0.8.6.i64,0x70dc0,sqlite3RefillIndex,IDBs/Dataset-2/mips-32_sqlite-3.34.0-O2_libsqlite3.so.0.8.6.i64,0x8d3c8,sqlite3RefillIndex,XA+XO,-0.13366942
465,IDBs/Dataset-2/mips-32_sqlite-3.34.0-O0_libsqlite3.so.0.8.6.i64,0x104634,whereRangeAdjust,IDBs/Dataset-2/x86-32_sqlite-3.34.0-O0_libsqlite3.so.0.8.6.i64,0xa210d,whereRangeAdjust,XA+XO,-0.06275969
466,IDBs/Dataset-2/x86-64_gmp-6.2.0-O0_libgmp.so.10.4.0.i64,0x1628a,__gmpf_fits_ulong_p,IDBs/Dataset-2/mips-32_gmp-6.2.0-O2_libgmp.so.10.4.0.i64,0xf170,__gmpf_fits_ulong_p,XA+XO,-0.08749674
467,IDBs/Dataset-2/arm-32_sqlite-3.34.0-O2_libsqlite3.so.0.8.6.i64,0x2bae0,pageInsertArray,IDBs/Dataset-2/x86-64_sqlite-3.34.0-O0_libsqlite3.so.0.8.6.i64,0x37a43,pageInsertArray,XA+XO,-0.03689933
468,IDBs/Dataset-2/x86-64_binutils-2.34-O0_readelf.i64,0x49acc,process_v850_notes,IDBs/Dataset-2/arm-32_binutils-2.34-O0_readelf.i64,0x609cc,process_v850_notes,XA+XO,-0.046174027
469,IDBs/Dataset-2/mips-32_binutils-2.34-O0_readelf.i64,0x406174,elf_csky_reloc_type,IDBs/Dataset-2/arm-32_binutils-2.34-O1_readelf.i64,0x15174,elf_csky_reloc_type,XA+XO,-0.3903646
470,IDBs/Dataset-2/arm-32_sqlite-3.34.0-O0_libsqlite3.so.0.8.6.i64,0x16594,sqlite3SafetyCheckSickOrOk,IDBs/Dataset-2/mips-32_sqlite-3.34.0-O1_libsqlite3.so.0.8.6.i64,0x373c4,sqlite3SafetyCheckSickOrOk,XA+XO,-0.012313918
471,IDBs/Dataset-2/x86-64_libmicrohttpd-0.9.71-O3_libmicrohttpd.a.i64,0x1640,MHD_get_connection_values_n,IDBs/Dataset-2/arm-32_libmicrohttpd-0.9.71-O3_libmicrohttpd.a.i64,0x1440,MHD_get_connection_values_n,XA+XO,-0.035910517
472,IDBs/Dataset-2/x86-32_coreutils-8.32-O0_pr.i64,0x26a2,init_parameters,IDBs/Dataset-2/arm-32_coreutils-8.32-O0_pr.i64,0x12bd0,init_parameters,XA+XO,-0.01770981
473,IDBs/Dataset-2/arm-32_ImageMagick-7.0.10-27-O1_libMagickCore-7.Q16HDRI.so.7.0.0.i64,0x76e5c,WriteImage,IDBs/Dataset-2/mips-32_ImageMagick-7.0.10-27-O3_libMagickCore-7.Q16HDRI.so.7.0.0.i64,0x7e36c,WriteImage,XA+XO,-1.2308594
474,IDBs/Dataset-2/x86-64_ImageMagick-7.0.10-27-O0_libMagickCore-7.Q16HDRI.so.7.0.0.i64,0xec788,SparseColorImage,IDBs/Dataset-2/x86-32_ImageMagick-7.0.10-27-O3_libMagickCore-7.Q16HDRI.so.7.0.0.i64,0x85970,SparseColorImage,XA+XO,-0.028611358
475,IDBs/Dataset-2/mips-32_gmp-6.2.0-O2_libgmp.so.10.4.0.i64,0x15010,__gmpz_congruent_p,IDBs/Dataset-2/arm-32_gmp-6.2.0-O3_libgmp.so.10.4.0.i64,0x1358c,__gmpz_congruent_p,XA+XO,-0.08545602
476,IDBs/Dataset-2/x86-64_findutils-4.7.0-O0_find.i64,0xa59b,pred_sanity_check,IDBs/Dataset-2/x86-64_findutils-4.7.0-O2_find.i64,0x9910,pred_sanity_check,XA+XO,-0.86949086
477,IDBs/Dataset-2/x86-32_coreutils-8.32-O2_env.i64,0x2a00,extract_varname,IDBs/Dataset-2/x86-64_coreutils-8.32-O3_env.i64,0x3360,extract_varname,XA+XO,-0.017369334
478,IDBs/Dataset-2/x86-64_putty-0.74-O3_plink.i64,0x9c7c0,telnet_size,IDBs/Dataset-2/x86-64_putty-0.74-O1_plink.i64,0x635bb,telnet_size,XA+XO,-0.0064424207
479,IDBs/Dataset-2/mips-32_sqlite-3.34.0-O1_libsqlite3.so.0.8.6.i64,0x1d5c4,sqlite3CollapseDatabaseArray,IDBs/Dataset-2/arm-32_sqlite-3.34.0-O0_libsqlite3.so.0.8.6.i64,0x81484,sqlite3CollapseDatabaseArray,XA+XO,-0.3656604
480,IDBs/Dataset-2/x86-32_ImageMagick-7.0.10-27-O0_libMagickCore-7.Q16HDRI.so.7.0.0.i64,0x2bdb39,ReadTIM2Image,IDBs/Dataset-2/x86-64_ImageMagick-7.0.10-27-O2_libMagickCore-7.Q16HDRI.so.7.0.0.i64,0x2cb770,ReadTIM2Image,XA+XO,-0.98794246
481,IDBs/Dataset-2/x86-64_ImageMagick-7.0.10-27-O2_libMagickCore-7.Q16HDRI.so.7.0.0.i64,0x2057f0,XPreferencesWidget,IDBs/Dataset-2/x86-64_ImageMagick-7.0.10-27-O3_libMagickCore-7.Q16HDRI.so.7.0.0.i64,0x266670,XPreferencesWidget,XA+XO,-0.0071991254
482,IDBs/Dataset-2/arm-32_sqlite-3.34.0-O3_libsqlite3.so.0.8.6.i64,0x373a0,pcache1ResizeHash.isra.301,IDBs/Dataset-2/arm-32_sqlite-3.34.0-O2_libsqlite3.so.0.8.6.i64,0x1f490,pcache1ResizeHash.isra.301,XA+XO,-0.55377203
483,IDBs/Dataset-2/x86-64_ImageMagick-7.0.10-27-O0_libMagickCore-7.Q16HDRI.so.7.0.0.i64,0x36cb41,AcquireCompactPixels,IDBs/Dataset-2/mips-32_ImageMagick-7.0.10-27-O0_libMagickCore-7.Q16HDRI.so.7.0.0.i64,0x3c58a4,AcquireCompactPixels,XA+XO,-0.019296672
484,IDBs/Dataset-2/x86-32_sqlite-3.34.0-O0_libsqlite3.so.0.8.6.i64,0x3adc8,growOpArray,IDBs/Dataset-2/x86-64_sqlite-3.34.0-O0_libsqlite3.so.0.8.6.i64,0x421fe,growOpArray,XA+XO,-0.35739526
485,IDBs/Dataset-2/arm-32_ImageMagick-7.0.10-27-O1_libMagickCore-7.Q16HDRI.so.7.0.0.i64,0x2028d0,WriteASHLARImage,IDBs/Dataset-2/x86-64_ImageMagick-7.0.10-27-O0_libMagickCore-7.Q16HDRI.so.7.0.0.i64,0x2a4899,WriteASHLARImage,XA+XO,-0.13094024
486,IDBs/Dataset-2/x86-32_binutils-2.34-O0_readelf.i64,0x46c94,process_corefile_note_segments,IDBs/Dataset-2/arm-32_binutils-2.34-O1_readelf.i64,0x4c304,process_corefile_note_segments,XA+XO,-0.09382127
487,IDBs/Dataset-2/mips-32_ImageMagick-7.0.10-27-O1_libMagickCore-7.Q16HDRI.so.7.0.0.i64,0x155798,IntensityCompare_0,IDBs/Dataset-2/mips-32_ImageMagick-7.0.10-27-O0_libMagickCore-7.Q16HDRI.so.7.0.0.i64,0x1e2c28,IntensityCompare_0,XA+XO,-0.25871146
488,IDBs/Dataset-2/mips-32_gmp-6.2.0-O2_libgmp.so.10.4.0.i64,0x25890,__gmpz_tdiv_q,IDBs/Dataset-2/x86-64_gmp-6.2.0-O2_libgmp.so.10.4.0.i64,0x23b40,__gmpz_tdiv_q,XA+XO,-0.28120908
489,IDBs/Dataset-2/arm-32_findutils-4.7.0-O0_find.i64,0x24934,parse_used,IDBs/Dataset-2/mips-32_findutils-4.7.0-O1_find.i64,0x415288,parse_used,XA+XO,-0.33821064
490,IDBs/Dataset-2/mips-32_binutils-2.34-O0_objdump.i64,0x45c458,tg_start_block,IDBs/Dataset-2/mips-32_binutils-2.34-O1_objdump.i64,0x444bc0,tg_start_block,XA+XO,-0.053394645
491,IDBs/Dataset-2/x86-64_sqlite-3.34.0-O0_libsqlite3.so.0.8.6.i64,0x78779,sqlite3ClearStatTables,IDBs/Dataset-2/mips-32_sqlite-3.34.0-O3_libsqlite3.so.0.8.6.i64,0xe1df8,sqlite3ClearStatTables,XA+XO,-0.5500817
492,IDBs/Dataset-2/arm-32_ImageMagick-7.0.10-27-O3_libMagickCore-7.Q16HDRI.so.7.0.0.i64,0x2fdfc,DefineImageArtifact,IDBs/Dataset-2/arm-32_ImageMagick-7.0.10-27-O1_libMagickCore-7.Q16HDRI.so.7.0.0.i64,0x2819c,DefineImageArtifact,XA+XO,-0.024831304
493,IDBs/Dataset-2/x86-32_coreutils-8.32-O0_cut.i64,0x1849,print_kth,IDBs/Dataset-2/mips-32_coreutils-8.32-O0_cut.i64,0x401f84,print_kth,XA+XO,-0.0411494
494,IDBs/Dataset-2/x86-32_coreutils-8.32-O0_shred.i64,0x3572,incname,IDBs/Dataset-2/mips-32_coreutils-8.32-O0_shred.i64,0x4049e4,incname,XA+XO,-0.113638595
495,IDBs/Dataset-2/x86-64_binutils-2.34-O3_readelf.i64,0x14e60,get_symbol_type.isra.26.part.27,IDBs/Dataset-2/mips-32_binutils-2.34-O3_readelf.i64,0x412eb4,get_symbol_type.isra.26.part.27,XA+XO,-0.07679973
496,IDBs/Dataset-2/x86-32_ImageMagick-7.0.10-27-O0_libMagickCore-7.Q16HDRI.so.7.0.0.i64,0x4d2e2,InverseAddRoundKey,IDBs/Dataset-2/x86-64_ImageMagick-7.0.10-27-O0_libMagickCore-7.Q16HDRI.so.7.0.0.i64,0x8358b,InverseAddRoundKey,XA+XO,-0.005849518
497,IDBs/Dataset-2/x86-64_sqlite-3.34.0-O0_libsqlite3.so.0.8.6.i64,0xd005a,sqlite3_compileoption_get,IDBs/Dataset-2/arm-32_sqlite-3.34.0-O0_libsqlite3.so.0.8.6.i64,0xe1d6c,sqlite3_compileoption_get,XA+XO,-0.055777676
498,IDBs/Dataset-2/arm-32_sqlite-3.34.0-O3_libsqlite3.so.0.8.6.i64,0x20750,dbMallocRawFinish,IDBs/Dataset-2/mips-32_sqlite-3.34.0-O2_libsqlite3.so.0.8.6.i64,0x26830,dbMallocRawFinish,XA+XO,-0.8693873
499,IDBs/Dataset-2/x86-64_sqlite-3.34.0-O3_libsqlite3.so.0.8.6.i64,0x7e950,sqlite3VdbeHalt,IDBs/Dataset-2/mips-32_sqlite-3.34.0-O1_libsqlite3.so.0.8.6.i64,0x788ac,sqlite3VdbeHalt,XA+XO,-0.27814484
500,IDBs/Dataset-2/mips-32_sqlite-3.34.0-O0_libsqlite3.so.0.8.6.i64,0xedaf8,sqlite3Update,IDBs/Dataset-2/x86-32_sqlite-3.34.0-O0_libsqlite3.so.0.8.6.i64,0x92dae,sqlite3Update,XA+XO,-0.010770922
501,IDBs/Dataset-2/x86-32_coreutils-8.32-O1_tail.i64,0x1aee,start_bytes,IDBs/Dataset-2/x86-64_coreutils-8.32-O0_tail.i64,0x44b6,start_bytes,XA+XO,-0.13925536
502,IDBs/Dataset-2/x86-32_sqlite-3.34.0-O3_libsqlite3.so.0.8.6.i64,0x584f0,generateOutputSubroutine.isra.355,IDBs/Dataset-2/x86-32_sqlite-3.34.0-O2_libsqlite3.so.0.8.6.i64,0x22740,generateOutputSubroutine.isra.355,XA+XO,-0.00028618786
503,IDBs/Dataset-2/mips-32_ImageMagick-7.0.10-27-O0_libMagickCore-7.Q16HDRI.so.7.0.0.i64,0x2141bc,ImportRedQuantum,IDBs/Dataset-2/x86-32_ImageMagick-7.0.10-27-O1_libMagickCore-7.Q16HDRI.so.7.0.0.i64,0x144c74,ImportRedQuantum,XA+XO,-3.0214515
504,IDBs/Dataset-2/mips-32_ImageMagick-7.0.10-27-O2_libMagickCore-7.Q16HDRI.so.7.0.0.i64,0xd9f18,SetGeometry,IDBs/Dataset-2/mips-32_ImageMagick-7.0.10-27-O1_libMagickCore-7.Q16HDRI.so.7.0.0.i64,0xea234,SetGeometry,XA+XO,-0.45590073
505,IDBs/Dataset-2/mips-32_ImageMagick-7.0.10-27-O0_libMagickCore-7.Q16HDRI.so.7.0.0.i64,0x88a9c,GetMeanAbsoluteDistortion._omp_fn.3,IDBs/Dataset-2/arm-32_ImageMagick-7.0.10-27-O3_libMagickCore-7.Q16HDRI.so.7.0.0.i64,0x69b30,GetMeanAbsoluteDistortion._omp_fn.3,XA+XO,-0.11070185
506,IDBs/Dataset-2/mips-32_ImageMagick-7.0.10-27-O0_libMagickCore-7.Q16HDRI.so.7.0.0.i64,0x30d2c4,ReadFAXImage,IDBs/Dataset-2/mips-32_ImageMagick-7.0.10-27-O2_libMagickCore-7.Q16HDRI.so.7.0.0.i64,0x2116ac,ReadFAXImage,XA+XO,-1.9828439
507,IDBs/Dataset-2/x86-64_binutils-2.34-O3_objdump.i64,0xb2260,FXSAVE_Fixup,IDBs/Dataset-2/x86-32_binutils-2.34-O0_objdump.i64,0x7e004,FXSAVE_Fixup,XA+XO,-0.20297575
508,IDBs/Dataset-2/x86-64_binutils-2.34-O2_objdump.i64,0xa5110,FXSAVE_Fixup,IDBs/Dataset-2/x86-32_binutils-2.34-O0_objdump.i64,0x7e004,FXSAVE_Fixup,XA+XO,-0.08737987
509,IDBs/Dataset-2/x86-32_ImageMagick-7.0.10-27-O0_libMagickCore-7.Q16HDRI.so.7.0.0.i64,0x1165a4,StringToDoubleInterval_1,IDBs/Dataset-2/arm-32_ImageMagick-7.0.10-27-O0_libMagickCore-7.Q16HDRI.so.7.0.0.i64,0x194410,StringToDoubleInterval_1,XA+XO,-0.704803
510,IDBs/Dataset-2/x86-32_ImageMagick-7.0.10-27-O0_libMagickCore-7.Q16HDRI.so.7.0.0.i64,0x1b0303,GetPixelInfoChannel,IDBs/Dataset-2/arm-32_ImageMagick-7.0.10-27-O0_libMagickCore-7.Q16HDRI.so.7.0.0.i64,0x26d1b0,GetPixelInfoChannel,XA+XO,-0.5159803
511,IDBs/Dataset-2/arm-32_gmp-6.2.0-O2_libgmp.so.10.4.0.i64,0x26314,mpn_fft_initl,IDBs/Dataset-2/mips-32_gmp-6.2.0-O2_libgmp.so.10.4.0.i64,0x30c70,mpn_fft_initl,XA+XO,-0.26823932
512,IDBs/Dataset-2/x86-64_binutils-2.34-O2_objdump.i64,0xa06d0,NOP_Fixup1,IDBs/Dataset-2/x86-32_binutils-2.34-O0_objdump.i64,0x7d50c,NOP_Fixup1,XA+XO,-0.021880243
513,IDBs/Dataset-2/x86-32_coreutils-8.32-O0_shred.i64,0x1c45,fillpattern,IDBs/Dataset-2/x86-64_coreutils-8.32-O0_shred.i64,0x2739,fillpattern,XA+XO,-0.005358387
514,IDBs/Dataset-2/arm-32_binutils-2.34-O1_objdump.i64,0x4ee44,print_mve_shift_n,IDBs/Dataset-2/arm-32_binutils-2.34-O0_objdump.i64,0x6d6fc,print_mve_shift_n,XA+XO,-0.7331563
515,IDBs/Dataset-2/arm-32_sqlite-3.34.0-O1_libsqlite3.so.0.8.6.i64,0x14e44,renameWalkWith,IDBs/Dataset-2/x86-64_sqlite-3.34.0-O0_libsqlite3.so.0.8.6.i64,0x6d100,renameWalkWith,XA+XO,-0.18601081
516,IDBs/Dataset-2/x86-64_sqlite-3.34.0-O1_libsqlite3.so.0.8.6.i64,0x27b58,sqlite3_str_appendf,IDBs/Dataset-2/x86-64_sqlite-3.34.0-O3_libsqlite3.so.0.8.6.i64,0x3eb80,sqlite3_str_appendf,XA+XO,-0.0
517,IDBs/Dataset-2/x86-64_ImageMagick-7.0.10-27-O0_libMagickCore-7.Q16HDRI.so.7.0.0.i64,0x32d419,WritePCDImage,IDBs/Dataset-2/mips-32_ImageMagick-7.0.10-27-O3_libMagickCore-7.Q16HDRI.so.7.0.0.i64,0x2904c0,WritePCDImage,XA+XO,-0.84133744
518,IDBs/Dataset-2/mips-32_ImageMagick-7.0.10-27-O0_libMagickCore-7.Q16HDRI.so.7.0.0.i64,0x50acc,GetVirtualPixelsCache,IDBs/Dataset-2/x86-32_ImageMagick-7.0.10-27-O2_libMagickCore-7.Q16HDRI.so.7.0.0.i64,0x42c90,GetVirtualPixelsCache,XA+XO,-1.3239001
519,IDBs/Dataset-2/x86-64_sqlite-3.34.0-O0_libsqlite3.so.0.8.6.i64,0x28623,sqlite3PagerOpenSavepoint,IDBs/Dataset-2/x86-32_sqlite-3.34.0-O0_libsqlite3.so.0.8.6.i64,0x2234d,sqlite3PagerOpenSavepoint,XA+XO,-0.0027066441
520,IDBs/Dataset-2/x86-32_findutils-4.7.0-O3_find.i64,0x19a00,parse_printf,IDBs/Dataset-2/x86-64_findutils-4.7.0-O3_find.i64,0x1bf70,parse_printf,XA+XO,-0.013985277
521,IDBs/Dataset-2/x86-64_ImageMagick-7.0.10-27-O1_libMagickCore-7.Q16HDRI.so.7.0.0.i64,0xf2c8a,ContrastStretchImage,IDBs/Dataset-2/arm-32_ImageMagick-7.0.10-27-O3_libMagickCore-7.Q16HDRI.so.7.0.0.i64,0xdeb20,ContrastStretchImage,XA+XO,-0.02280334
522,IDBs/Dataset-2/arm-32_ImageMagick-7.0.10-27-O2_libMagickCore-7.Q16HDRI.so.7.0.0.i64,0x21c8d0,IsDIB,IDBs/Dataset-2/mips-32_ImageMagick-7.0.10-27-O0_libMagickCore-7.Q16HDRI.so.7.0.0.i64,0x2fc5fc,IsDIB,XA+XO,-1.655736
523,IDBs/Dataset-2/x86-64_coreutils-8.32-O3_od.i64,0x3720,print_s_short,IDBs/Dataset-2/arm-32_coreutils-8.32-O3_od.i64,0x1351c,print_s_short,XA+XO,-0.35043293
524,IDBs/Dataset-2/arm-32_ImageMagick-7.0.10-27-O1_libMagickCore-7.Q16HDRI.so.7.0.0.i64,0x3ae58,ReadPixelCachePixels,IDBs/Dataset-2/x86-32_ImageMagick-7.0.10-27-O1_libMagickCore-7.Q16HDRI.so.7.0.0.i64,0x37578,ReadPixelCachePixels,XA+XO,-0.42779234
525,IDBs/Dataset-2/x86-32_ImageMagick-7.0.10-27-O2_libMagickCore-7.Q16HDRI.so.7.0.0.i64,0xa3d70,LevelImage._omp_fn.9,IDBs/Dataset-2/mips-32_ImageMagick-7.0.10-27-O1_libMagickCore-7.Q16HDRI.so.7.0.0.i64,0xc0518,LevelImage._omp_fn.9,XA+XO,-0.033083398
526,IDBs/Dataset-2/x86-64_gmp-6.2.0-O0_libgmp.so.10.4.0.i64,0x5480b,__gmpn_hgcd_reduce_itch,IDBs/Dataset-2/arm-32_gmp-6.2.0-O0_libgmp.so.10.4.0.i64,0x56084,__gmpn_hgcd_reduce_itch,XA+XO,-0.019954829
527,IDBs/Dataset-2/x86-32_coreutils-8.32-O0_expr.i64,0x2564,looks_like_integer,IDBs/Dataset-2/x86-64_coreutils-8.32-O1_expr.i64,0x1bd3,looks_like_integer,XA+XO,-0.047662966
528,IDBs/Dataset-2/arm-32_ImageMagick-7.0.10-27-O0_libMagickCore-7.Q16HDRI.so.7.0.0.i64,0x18ab2c,ReadMatrixElements,IDBs/Dataset-2/mips-32_ImageMagick-7.0.10-27-O0_libMagickCore-7.Q16HDRI.so.7.0.0.i64,0x17fd14,ReadMatrixElements,XA+XO,-0.3776691
529,IDBs/Dataset-2/arm-32_sqlite-3.34.0-O2_libsqlite3.so.0.8.6.i64,0x17c88,unixUnfetch,IDBs/Dataset-2/x86-32_sqlite-3.34.0-O2_libsqlite3.so.0.8.6.i64,0x16ce0,unixUnfetch,XA+XO,-0.018996831
530,IDBs/Dataset-2/arm-32_ImageMagick-7.0.10-27-O2_libMagickCore-7.Q16HDRI.so.7.0.0.i64,0xfc1f8,SetImageInfoCustomStream,IDBs/Dataset-2/x86-64_ImageMagick-7.0.10-27-O0_libMagickCore-7.Q16HDRI.so.7.0.0.i64,0x1754d1,SetImageInfoCustomStream,XA+XO,-0.012195745
531,IDBs/Dataset-2/x86-64_ImageMagick-7.0.10-27-O2_libMagickCore-7.Q16HDRI.so.7.0.0.i64,0x1f38a0,XSetMatteColor,IDBs/Dataset-2/x86-64_ImageMagick-7.0.10-27-O0_libMagickCore-7.Q16HDRI.so.7.0.0.i64,0x263775,XSetMatteColor,XA+XO,-0.008974988
532,IDBs/Dataset-2/mips-32_coreutils-8.32-O0_kill.i64,0x401b64,list_signals,IDBs/Dataset-2/arm-32_coreutils-8.32-O0_kill.i64,0x114d4,list_signals,XA+XO,-0.047288015
533,IDBs/Dataset-2/arm-32_ImageMagick-7.0.10-27-O0_libMagickCore-7.Q16HDRI.so.7.0.0.i64,0x58c3c,FlattenPixelInfo,IDBs/Dataset-2/x86-64_ImageMagick-7.0.10-27-O0_libMagickCore-7.Q16HDRI.so.7.0.0.i64,0x7f947,FlattenPixelInfo,XA+XO,-0.33883524
534,IDBs/Dataset-2/mips-32_gmp-6.2.0-O0_libgmp.so.10.4.0.i64,0x5d280,mpn_compute_powtab_mul,IDBs/Dataset-2/x86-32_gmp-6.2.0-O0_libgmp.so.10.4.0.i64,0x37bd8,mpn_compute_powtab_mul,XA+XO,-0.00917114
535,IDBs/Dataset-2/mips-32_sqlite-3.34.0-O0_libsqlite3.so.0.8.6.i64,0x10fcc4,last_valueStepFunc,IDBs/Dataset-2/mips-32_sqlite-3.34.0-O3_libsqlite3.so.0.8.6.i64,0x73908,last_valueStepFunc,XA+XO,-0.14975202
536,IDBs/Dataset-2/arm-32_coreutils-8.32-O0_dircolors.i64,0x117e8,guess_shell_syntax,IDBs/Dataset-2/mips-32_coreutils-8.32-O0_dircolors.i64,0x401c94,guess_shell_syntax,XA+XO,-0.014549576
537,IDBs/Dataset-2/x86-32_coreutils-8.32-O0_cut.i64,0x1f65,cut_file,IDBs/Dataset-2/x86-32_coreutils-8.32-O1_cut.i64,0x12cd,cut_file,XA+XO,-1.0411067
538,IDBs/Dataset-2/arm-32_sqlite-3.34.0-O3_libsqlite3.so.0.8.6.i64,0x1cc08,sqlite3_column_double,IDBs/Dataset-2/x86-64_sqlite-3.34.0-O3_libsqlite3.so.0.8.6.i64,0x20450,sqlite3_column_double,XA+XO,-0.11075873
539,IDBs/Dataset-2/arm-32_diffutils-3.7-O0_diff3.i64,0x13f6c,undotlines,IDBs/Dataset-2/mips-32_diffutils-3.7-O3_diff3.i64,0x4016a8,undotlines,XA+XO,-0.091756746
540,IDBs/Dataset-2/arm-32_findutils-4.7.0-O3_find.i64,0x16b9c,worst_cost.part.2,IDBs/Dataset-2/mips-32_findutils-4.7.0-O3_find.i64,0x4097f8,worst_cost.part.2,XA+XO,-0.17517157
541,IDBs/Dataset-2/x86-32_ImageMagick-7.0.10-27-O0_libMagickCore-7.Q16HDRI.so.7.0.0.i64,0x1984b7,GetImagePerceptualHash,IDBs/Dataset-2/mips-32_ImageMagick-7.0.10-27-O3_libMagickCore-7.Q16HDRI.so.7.0.0.i64,0x1d34d4,GetImagePerceptualHash,XA+XO,-0.10123286
542,IDBs/Dataset-2/x86-64_gmp-6.2.0-O0_libgmp.so.10.4.0.i64,0x28004,__gmpz_nextprime,IDBs/Dataset-2/x86-64_gmp-6.2.0-O2_libgmp.so.10.4.0.i64,0x1f050,__gmpz_nextprime,XA+XO,-0.029221404
543,IDBs/Dataset-2/x86-64_binutils-2.34-O3_readelf.i64,0xe9f0,elf_or1k_reloc_type,IDBs/Dataset-2/x86-32_binutils-2.34-O1_readelf.i64,0x7d75,elf_or1k_reloc_type,XA+XO,-0.008544417
544,IDBs/Dataset-2/x86-64_ImageMagick-7.0.10-27-O0_libMagickCore-7.Q16HDRI.so.7.0.0.i64,0x1e5f53,ExportOpacityQuantum,IDBs/Dataset-2/arm-32_ImageMagick-7.0.10-27-O0_libMagickCore-7.Q16HDRI.so.7.0.0.i64,0x1ffa70,ExportOpacityQuantum,XA+XO,-0.10715847
545,IDBs/Dataset-2/x86-32_ImageMagick-7.0.10-27-O1_libMagickCore-7.Q16HDRI.so.7.0.0.i64,0x123b84,ExportCMYKOQuantum,IDBs/Dataset-2/mips-32_ImageMagick-7.0.10-27-O0_libMagickCore-7.Q16HDRI.so.7.0.0.i64,0x1f2908,ExportCMYKOQuantum,XA+XO,-0.8845155
546,IDBs/Dataset-2/mips-32_ImageMagick-7.0.10-27-O0_libMagickCore-7.Q16HDRI.so.7.0.0.i64,0x3e67c8,sixel_put_pixel,IDBs/Dataset-2/x86-32_ImageMagick-7.0.10-27-O0_libMagickCore-7.Q16HDRI.so.7.0.0.i64,0x2ad5bc,sixel_put_pixel,XA+XO,-0.040670473
547,IDBs/Dataset-2/x86-64_ImageMagick-7.0.10-27-O0_libMagickCore-7.Q16HDRI.so.7.0.0.i64,0x3a46d4,ScaleQuantumToShort_13,IDBs/Dataset-2/arm-32_ImageMagick-7.0.10-27-O0_libMagickCore-7.Q16HDRI.so.7.0.0.i64,0x40c340,ScaleQuantumToShort_13,XA+XO,-6.6238647
548,IDBs/Dataset-2/mips-32_sqlite-3.34.0-O3_libsqlite3.so.0.8.6.i64,0xc7448,sqlite3InitOne,IDBs/Dataset-2/x86-64_sqlite-3.34.0-O3_libsqlite3.so.0.8.6.i64,0xa6680,sqlite3InitOne,XA+XO,-0.14727968
549,IDBs/Dataset-2/mips-32_sqlite-3.34.0-O0_libsqlite3.so.0.8.6.i64,0x75e0,parseHhMmSs,IDBs/Dataset-2/arm-32_sqlite-3.34.0-O2_libsqlite3.so.0.8.6.i64,0x253f8,parseHhMmSs,XA+XO,-0.5741781
550,IDBs/Dataset-2/arm-32_sqlite-3.34.0-O2_libsqlite3.so.0.8.6.i64,0x39d98,vdbeMergeEngineLevel0,IDBs/Dataset-2/x86-32_sqlite-3.34.0-O2_libsqlite3.so.0.8.6.i64,0x37020,vdbeMergeEngineLevel0,XA+XO,-0.1262047
551,IDBs/Dataset-2/x86-64_sqlite-3.34.0-O2_libsqlite3.so.0.8.6.i64,0x40880,codeCompare.part.418,IDBs/Dataset-2/x86-64_sqlite-3.34.0-O3_libsqlite3.so.0.8.6.i64,0x51320,codeCompare.part.418,XA+XO,-1.9487354
552,IDBs/Dataset-2/x86-64_gmp-6.2.0-O0_libgmp.so.10.4.0.i64,0x55846,__gmpn_hgcd2_jacobi,IDBs/Dataset-2/mips-32_gmp-6.2.0-O1_libgmp.so.10.4.0.i64,0x481f0,__gmpn_hgcd2_jacobi,XA+XO,-0.35771
553,IDBs/Dataset-2/arm-32_coreutils-8.32-O0_stty.i64,0x13f30,display_window_size,IDBs/Dataset-2/mips-32_coreutils-8.32-O1_stty.i64,0x401d20,display_window_size,XA+XO,-0.33568197
554,IDBs/Dataset-2/x86-32_gmp-6.2.0-O0_libgmp.so.10.4.0.i64,0x67b15,__gmp_doscan,IDBs/Dataset-2/mips-32_gmp-6.2.0-O0_libgmp.so.10.4.0.i64,0xb79a0,__gmp_doscan,XA+XO,-0.011037248
555,IDBs/Dataset-2/x86-64_binutils-2.34-O0_readelf.i64,0x38679,is_32bit_pcrel_reloc,IDBs/Dataset-2/arm-32_binutils-2.34-O0_readelf.i64,0x4cd58,is_32bit_pcrel_reloc,XA+XO,-0.043000106
556,IDBs/Dataset-2/arm-32_putty-0.74-O1_plink.i64,0x191cc,ldisc_echoedit_update,IDBs/Dataset-2/x86-64_putty-0.74-O2_plink.i64,0x12ca0,ldisc_echoedit_update,XA+XO,-0.44706422
557,IDBs/Dataset-2/x86-64_sqlite-3.34.0-O0_libsqlite3.so.0.8.6.i64,0x7becc,sqlite3SrcListAssignCursors,IDBs/Dataset-2/mips-32_sqlite-3.34.0-O2_libsqlite3.so.0.8.6.i64,0x1319c,sqlite3SrcListAssignCursors,XA+XO,-0.03656916
558,IDBs/Dataset-2/x86-64_sqlite-3.34.0-O2_libsqlite3.so.0.8.6.i64,0x18780,sqlite3RealSameAsInt,IDBs/Dataset-2/arm-32_sqlite-3.34.0-O0_libsqlite3.so.0.8.6.i64,0x48604,sqlite3RealSameAsInt,XA+XO,-3.0823965
559,IDBs/Dataset-2/x86-32_ImageMagick-7.0.10-27-O0_libMagickCore-7.Q16HDRI.so.7.0.0.i64,0x108eac,AcquireLogCache,IDBs/Dataset-2/mips-32_ImageMagick-7.0.10-27-O0_libMagickCore-7.Q16HDRI.so.7.0.0.i64,0x174380,AcquireLogCache,XA+XO,-0.008427756
560,IDBs/Dataset-2/arm-32_diffutils-3.7-O0_cmp.i64,0x12af8,block_compare,IDBs/Dataset-2/x86-32_diffutils-3.7-O0_cmp.i64,0x2ddc,block_compare,XA+XO,-0.024712052
561,IDBs/Dataset-2/x86-64_sqlite-3.34.0-O1_libsqlite3.so.0.8.6.i64,0x4d7d9,clearDatabasePage,IDBs/Dataset-2/mips-32_sqlite-3.34.0-O0_libsqlite3.so.0.8.6.i64,0x55894,clearDatabasePage,XA+XO,-0.09743714
562,IDBs/Dataset-2/x86-64_gmp-6.2.0-O0_libgmp.so.10.4.0.i64,0x68f7d,__gmpn_toom_eval_pm1,IDBs/Dataset-2/arm-32_gmp-6.2.0-O3_libgmp.so.10.4.0.i64,0x447c8,__gmpn_toom_eval_pm1,XA+XO,-0.039987694
563,IDBs/Dataset-2/arm-32_binutils-2.34-O3_objdump.i64,0x5f29c,print_arm_address,IDBs/Dataset-2/arm-32_binutils-2.34-O0_objdump.i64,0x6fdd8,print_arm_address,XA+XO,-1.3202317
564,IDBs/Dataset-2/mips-32_coreutils-8.32-O1_sort.i64,0x403b58,initbuf,IDBs/Dataset-2/x86-32_coreutils-8.32-O0_sort.i64,0x48d6,initbuf,XA+XO,-0.31293714
565,IDBs/Dataset-2/mips-32_ImageMagick-7.0.10-27-O0_libMagickCore-7.Q16HDRI.so.7.0.0.i64,0x3e2be0,SGIEncode,IDBs/Dataset-2/x86-32_ImageMagick-7.0.10-27-O0_libMagickCore-7.Q16HDRI.so.7.0.0.i64,0x2aa797,SGIEncode,XA+XO,-0.018836772
566,IDBs/Dataset-2/mips-32_sqlite-3.34.0-O3_libsqlite3.so.0.8.6.i64,0x4c220,dropCell.part.410,IDBs/Dataset-2/mips-32_sqlite-3.34.0-O2_libsqlite3.so.0.8.6.i64,0x36180,dropCell.part.410,XA+XO,-0.24345677
567,IDBs/Dataset-2/x86-32_ImageMagick-7.0.10-27-O0_libMagickCore-7.Q16HDRI.so.7.0.0.i64,0x20a095,WriteDIBImage,IDBs/Dataset-2/mips-32_ImageMagick-7.0.10-27-O3_libMagickCore-7.Q16HDRI.so.7.0.0.i64,0x247440,WriteDIBImage,XA+XO,-1.2887288
568,IDBs/Dataset-2/x86-32_coreutils-8.32-O0_fmt.i64,0x2ad6,put_space,IDBs/Dataset-2/arm-32_coreutils-8.32-O3_fmt.i64,0x11c00,put_space,XA+XO,-0.1979846
569,IDBs/Dataset-2/arm-32_sqlite-3.34.0-O0_libsqlite3.so.0.8.6.i64,0xcb5b4,whereShortCut,IDBs/Dataset-2/x86-64_sqlite-3.34.0-O0_libsqlite3.so.0.8.6.i64,0xba6a1,whereShortCut,XA+XO,-0.09880978
570,IDBs/Dataset-2/x86-64_binutils-2.34-O3_readelf.i64,0x87e0,get_solaris_dynamic_type,IDBs/Dataset-2/arm-32_binutils-2.34-O0_readelf.i64,0x28654,get_solaris_dynamic_type,XA+XO,-0.32278353
571,IDBs/Dataset-2/mips-32_coreutils-8.32-O0_csplit.i64,0x403db8,split_file,IDBs/Dataset-2/x86-32_coreutils-8.32-O0_csplit.i64,0x2bc9,split_file,XA+XO,-0.011553563
572,IDBs/Dataset-2/mips-32_ImageMagick-7.0.10-27-O1_libMagickCore-7.Q16HDRI.so.7.0.0.i64,0x4c4b4,SetImageAlphaChannel._omp_fn.4,IDBs/Dataset-2/mips-32_ImageMagick-7.0.10-27-O3_libMagickCore-7.Q16HDRI.so.7.0.0.i64,0x4fc5c,SetImageAlphaChannel._omp_fn.4,XA+XO,-0.031169161
573,IDBs/Dataset-2/mips-32_binutils-2.34-O1_nm-new.i64,0x406db0,size_forward1,IDBs/Dataset-2/x86-32_binutils-2.34-O1_nm-new.i64,0x123e0,size_forward1,XA+XO,-0.4874259
574,IDBs/Dataset-2/mips-32_sqlite-3.34.0-O2_libsqlite3.so.0.8.6.i64,0x2faec,vdbeIncrFree,IDBs/Dataset-2/x86-64_sqlite-3.34.0-O2_libsqlite3.so.0.8.6.i64,0x2a3d0,vdbeIncrFree,XA+XO,-0.0046457527
575,IDBs/Dataset-2/mips-32_sqlite-3.34.0-O3_libsqlite3.so.0.8.6.i64,0x20348,sqlite3_column_value,IDBs/Dataset-2/x86-32_sqlite-3.34.0-O3_libsqlite3.so.0.8.6.i64,0x1adb0,sqlite3_column_value,XA+XO,-0.05162952
576,IDBs/Dataset-2/x86-64_sqlite-3.34.0-O0_libsqlite3.so.0.8.6.i64,0x8452c,fkParentIsModified,IDBs/Dataset-2/x86-64_sqlite-3.34.0-O1_libsqlite3.so.0.8.6.i64,0x1161b,fkParentIsModified,XA+XO,-0.040338606
577,IDBs/Dataset-2/x86-32_ImageMagick-7.0.10-27-O2_libMagickCore-7.Q16HDRI.so.7.0.0.i64,0x181950,GetImageExtrema,IDBs/Dataset-2/mips-32_ImageMagick-7.0.10-27-O1_libMagickCore-7.Q16HDRI.so.7.0.0.i64,0x1c60ec,GetImageExtrema,XA+XO,-1.4138918
578,IDBs/Dataset-2/mips-32_binutils-2.34-O2_readelf.i64,0x4475e8,unw_decode_x3.isra.4,IDBs/Dataset-2/arm-32_binutils-2.34-O2_readelf.i64,0x40970,unw_decode_x3.isra.4,XA+XO,-0.106815815
579,IDBs/Dataset-2/x86-64_ImageMagick-7.0.10-27-O0_libMagickCore-7.Q16HDRI.so.7.0.0.i64,0x226174,GetNonpeakPixelList,IDBs/Dataset-2/mips-32_ImageMagick-7.0.10-27-O0_libMagickCore-7.Q16HDRI.so.7.0.0.i64,0x257d88,GetNonpeakPixelList,XA+XO,-0.0076995175
580,IDBs/Dataset-2/x86-64_ImageMagick-7.0.10-27-O3_libMagickCore-7.Q16HDRI.so.7.0.0.i64,0x2b6760,ReadDIBImage,IDBs/Dataset-2/arm-32_ImageMagick-7.0.10-27-O0_libMagickCore-7.Q16HDRI.so.7.0.0.i64,0x2e6acc,ReadDIBImage,XA+XO,-12.259945
581,IDBs/Dataset-2/x86-64_coreutils-8.32-O3_head.i64,0x33b0,copy_fd,IDBs/Dataset-2/x86-64_coreutils-8.32-O1_head.i64,0x1aee,copy_fd,XA+XO,-0.2661481
582,IDBs/Dataset-2/mips-32_ImageMagick-7.0.10-27-O0_libMagickCore-7.Q16HDRI.so.7.0.0.i64,0x175374,IsLogCacheInstantiated,IDBs/Dataset-2/x86-64_ImageMagick-7.0.10-27-O0_libMagickCore-7.Q16HDRI.so.7.0.0.i64,0x186331,IsLogCacheInstantiated,XA+XO,-0.008672334
583,IDBs/Dataset-2/arm-32_sqlite-3.34.0-O0_libsqlite3.so.0.8.6.i64,0x53748,sqlite3_result_error_code,IDBs/Dataset-2/mips-32_sqlite-3.34.0-O0_libsqlite3.so.0.8.6.i64,0x6c3c8,sqlite3_result_error_code,XA+XO,-0.040883422
584,IDBs/Dataset-2/mips-32_ImageMagick-7.0.10-27-O1_libMagickCore-7.Q16HDRI.so.7.0.0.i64,0x2e3e0,IdentifyImageType,IDBs/Dataset-2/x86-32_ImageMagick-7.0.10-27-O0_libMagickCore-7.Q16HDRI.so.7.0.0.i64,0x2cd01,IdentifyImageType,XA+XO,-1.001576
585,IDBs/Dataset-2/arm-32_binutils-2.34-O3_readelf.i64,0x25d00,dump_relocations.constprop.78,IDBs/Dataset-2/mips-32_binutils-2.34-O3_readelf.i64,0x425ecc,dump_relocations.constprop.78,XA+XO,-6.250103
586,IDBs/Dataset-2/mips-32_sqlite-3.34.0-O2_libsqlite3.so.0.8.6.i64,0x29d2c,sqlite3StrAccumEnlarge.part.339,IDBs/Dataset-2/mips-32_sqlite-3.34.0-O3_libsqlite3.so.0.8.6.i64,0x26d70,sqlite3StrAccumEnlarge.part.339,XA+XO,-0.66184926
587,IDBs/Dataset-2/x86-64_sqlite-3.34.0-O3_libsqlite3.so.0.8.6.i64,0x1d530,sqlite3Malloc,IDBs/Dataset-2/x86-64_sqlite-3.34.0-O1_libsqlite3.so.0.8.6.i64,0x1bd0f,sqlite3Malloc,XA+XO,-4.9626284
588,IDBs/Dataset-2/mips-32_sqlite-3.34.0-O2_libsqlite3.so.0.8.6.i64,0x22f28,whereLoopClearUnion,IDBs/Dataset-2/arm-32_sqlite-3.34.0-O2_libsqlite3.so.0.8.6.i64,0x1d0e8,whereLoopClearUnion,XA+XO,-0.17705151
589,IDBs/Dataset-2/x86-32_ImageMagick-7.0.10-27-O1_libMagickCore-7.Q16HDRI.so.7.0.0.i64,0x3ed2e,GetOneVirtualPixelInfo,IDBs/Dataset-2/x86-64_ImageMagick-7.0.10-27-O2_libMagickCore-7.Q16HDRI.so.7.0.0.i64,0x714f0,GetOneVirtualPixelInfo,XA+XO,-0.025585134
590,IDBs/Dataset-2/arm-32_ImageMagick-7.0.10-27-O0_libMagickCore-7.Q16HDRI.so.7.0.0.i64,0x3c2ff8,SFWScan,IDBs/Dataset-2/mips-32_ImageMagick-7.0.10-27-O0_libMagickCore-7.Q16HDRI.so.7.0.0.i64,0x3dde18,SFWScan,XA+XO,-0.042933047
591,IDBs/Dataset-2/x86-64_ImageMagick-7.0.10-27-O2_libMagickCore-7.Q16HDRI.so.7.0.0.i64,0x12fa90,LogComponentTerminus,IDBs/Dataset-2/x86-64_ImageMagick-7.0.10-27-O0_libMagickCore-7.Q16HDRI.so.7.0.0.i64,0x187241,LogComponentTerminus,XA+XO,-0.77143246
592,IDBs/Dataset-2/x86-32_ImageMagick-7.0.10-27-O0_libMagickCore-7.Q16HDRI.so.7.0.0.i64,0x1a4bd6,FileToStringInfo,IDBs/Dataset-2/arm-32_ImageMagick-7.0.10-27-O2_libMagickCore-7.Q16HDRI.so.7.0.0.i64,0x1c5918,FileToStringInfo,XA+XO,-0.06327894
593,IDBs/Dataset-2/mips-32_sqlite-3.34.0-O0_libsqlite3.so.0.8.6.i64,0xae140,sqlite3IsShadowTableOf,IDBs/Dataset-2/arm-32_sqlite-3.34.0-O0_libsqlite3.so.0.8.6.i64,0x85208,sqlite3IsShadowTableOf,XA+XO,-0.0019144057
594,IDBs/Dataset-2/arm-32_ImageMagick-7.0.10-27-O0_libMagickCore-7.Q16HDRI.so.7.0.0.i64,0x3c0b0,SetStreamBuffering,IDBs/Dataset-2/x86-32_ImageMagick-7.0.10-27-O0_libMagickCore-7.Q16HDRI.so.7.0.0.i64,0x34e91,SetStreamBuffering,XA+XO,-0.02803896
595,IDBs/Dataset-2/arm-32_coreutils-8.32-O1_dd.i64,0x12208,alloc_obuf,IDBs/Dataset-2/mips-32_coreutils-8.32-O3_dd.i64,0x40553c,alloc_obuf,XA+XO,-2.8323684
596,IDBs/Dataset-2/arm-32_sqlite-3.34.0-O0_libsqlite3.so.0.8.6.i64,0x7a770,sqlite3RenameExprlistUnmap,IDBs/Dataset-2/x86-64_sqlite-3.34.0-O1_libsqlite3.so.0.8.6.i64,0x17430,sqlite3RenameExprlistUnmap,XA+XO,-0.28918132
597,IDBs/Dataset-2/x86-32_ImageMagick-7.0.10-27-O1_libMagickCore-7.Q16HDRI.so.7.0.0.i64,0xc9155,AppendImages._omp_fn.0,IDBs/Dataset-2/mips-32_ImageMagick-7.0.10-27-O0_libMagickCore-7.Q16HDRI.so.7.0.0.i64,0x1600c0,AppendImages._omp_fn.0,XA+XO,-0.03335285
598,IDBs/Dataset-2/x86-64_sqlite-3.34.0-O3_libsqlite3.so.0.8.6.i64,0x69b40,sqlite3PagerSharedLock,IDBs/Dataset-2/x86-32_sqlite-3.34.0-O2_libsqlite3.so.0.8.6.i64,0x522f0,sqlite3PagerSharedLock,XA+XO,-0.41098934
599,IDBs/Dataset-2/x86-64_ImageMagick-7.0.10-27-O0_libMagickCore-7.Q16HDRI.so.7.0.0.i64,0x248f95,ExpandFilenames,IDBs/Dataset-2/mips-32_ImageMagick-7.0.10-27-O3_libMagickCore-7.Q16HDRI.so.7.0.0.i64,0x1fcf14,ExpandFilenames,XA+XO,-1.3255252
